Move,Score,Matrix,Previous_Move,Largest_Tile
1,0,"[0, 0, 0, 0, 0, 2, 0, 0, 0, 0, 0, 0, 0, 0, 0, 2]",down,2
2,0,"[0, 0, 0, 0, 0, 0, 0, 0, 0, 0, 0, 0, 0, 2, 2, 2]",down,2
3,4,"[2, 0, 0, 0, 0, 0, 0, 0, 0, 0, 0, 0, 4, 2, 0, 0]",left,4
4,4,"[2, 2, 0, 0, 4, 0, 0, 0, 0, 4, 0, 0, 0, 0, 0, 0]",up,4
5,8,"[4, 0, 0, 0, 4, 0, 0, 0, 4, 0, 0, 2, 0, 0, 0, 0]",left,4
6,12,"[4, 0, 0, 0, 0, 0, 0, 0, 4, 0, 0, 0, 8, 0, 0, 2]",down,8
7,16,"[0, 0, 0, 0, 0, 0, 0, 0, 8, 0, 0, 0, 8, 2, 0, 2]",down,8
8,20,"[2, 0, 0, 0, 0, 0, 0, 0, 0, 0, 0, 8, 0, 0, 8, 4]",right,8
9,20,"[2, 0, 8, 8, 0, 0, 0, 4, 0, 0, 0, 0, 0, 2, 0, 0]",up,8
10,36,"[0, 0, 2, 16, 0, 0, 0, 4, 0, 2, 0, 0, 0, 0, 0, 2]",right,16
11,36,"[2, 16, 0, 0, 4, 0, 0, 2, 2, 0, 0, 0, 2, 0, 0, 0]",left,16
12,40,"[2, 16, 0, 2, 4, 0, 0, 0, 4, 0, 0, 2, 0, 0, 0, 0]",up,16
13,52,"[2, 16, 0, 4, 8, 0, 0, 0, 0, 0, 2, 0, 0, 0, 0, 0]",up,16
14,52,"[2, 16, 2, 4, 8, 2, 0, 0, 0, 0, 0, 0, 0, 0, 0, 0]",up,16
15,52,"[0, 0, 0, 0, 2, 0, 0, 0, 2, 16, 0, 0, 8, 2, 2, 4]",down,16
16,56,"[0, 0, 0, 0, 0, 2, 0, 2, 0, 0, 2, 16, 0, 8, 4, 4]",right,16
17,68,"[0, 0, 0, 0, 4, 0, 0, 0, 2, 16, 0, 2, 8, 8, 0, 0]",left,16
18,84,"[0, 0, 0, 0, 4, 2, 0, 0, 2, 16, 2, 0, 16, 0, 0, 0]",left,16
19,84,"[4, 2, 2, 2, 2, 16, 0, 0, 16, 0, 0, 0, 0, 0, 0, 0]",up,16
20,88,"[4, 4, 2, 0, 2, 16, 0, 0, 16, 0, 0, 0, 0, 0, 2, 0]",left,16
21,92,"[4, 4, 4, 0, 2, 16, 0, 0, 16, 0, 0, 0, 0, 0, 2, 0]",up,16
22,100,"[0, 0, 4, 8, 0, 2, 2, 16, 0, 0, 0, 16, 0, 0, 0, 2]",right,16
23,104,"[0, 0, 4, 8, 0, 0, 4, 16, 0, 0, 0, 16, 2, 0, 0, 2]",right,16
24,124,"[0, 0, 0, 0, 0, 0, 0, 8, 0, 0, 0, 32, 2, 2, 8, 2]",down,32
25,128,"[0, 0, 2, 0, 0, 0, 0, 8, 0, 0, 0, 32, 0, 4, 8, 2]",right,32
26,128,"[0, 0, 0, 0, 0, 2, 0, 8, 0, 0, 2, 32, 0, 4, 8, 2]",down,32
27,128,"[0, 0, 0, 2, 2, 8, 0, 0, 2, 32, 0, 0, 4, 8, 2, 0]",left,32
28,130,"[0, 0, 0, 4, 0, 8, 0, 0, 4, 32, 0, 0, 4, 8, 2, 2]",down,32
29,134,"[0, 0, 0, 2, 0, 8, 0, 0, 0, 32, 0, 4, 8, 8, 2, 2]",down,32
30,154,"[2, 0, 0, 0, 8, 0, 0, 0, 32, 4, 0, 0, 16, 4, 0, 2]",left,32
31,158,"[2, 2, 0, 0, 8, 0, 0, 0, 32, 0, 0, 0, 16, 8, 0, 2]",down,32
32,162,"[4, 0, 0, 0, 8, 0, 0, 0, 32, 0, 2, 0, 16, 8, 2, 0]",left,32
33,164,"[4, 2, 0, 0, 8, 0, 0, 0, 32, 0, 0, 0, 16, 8, 4, 0]",down,32
34,164,"[4, 0, 0, 0, 8, 2, 0, 0, 32, 2, 0, 0, 16, 8, 4, 0]",down,32
35,166,"[4, 0, 0, 0, 8, 0, 0, 0, 32, 4, 0, 2, 16, 8, 4, 0]",down,32
36,166,"[4, 4, 4, 2, 8, 8, 2, 0, 32, 0, 0, 0, 16, 0, 0, 0]",up,32
37,190,"[8, 4, 2, 0, 16, 2, 0, 0, 32, 0, 0, 0, 16, 2, 0, 0]",left,32
38,192,"[8, 0, 2, 0, 16, 0, 0, 0, 32, 4, 0, 0, 16, 4, 2, 0]",down,32
39,198,"[8, 0, 0, 0, 16, 0, 2, 0, 32, 0, 0, 0, 16, 8, 4, 0]",down,32
40,198,"[0, 0, 0, 8, 0, 0, 16, 2, 2, 0, 0, 32, 0, 16, 8, 4]",right,32
41,198,"[8, 4, 0, 0, 16, 2, 0, 0, 2, 32, 0, 0, 16, 8, 4, 0]",left,32
42,198,"[2, 0, 8, 4, 0, 0, 16, 2, 0, 0, 2, 32, 0, 16, 8, 4]",right,32
43,198,"[2, 8, 4, 0, 16, 2, 2, 0, 2, 32, 0, 0, 16, 8, 4, 0]",left,32
44,202,"[2, 8, 4, 4, 16, 4, 0, 0, 2, 32, 0, 0, 16, 8, 4, 0]",left,32
45,206,"[2, 8, 0, 2, 16, 4, 0, 0, 2, 32, 0, 0, 16, 8, 8, 4]",down,32
46,222,"[2, 8, 2, 0, 16, 4, 0, 0, 2, 32, 2, 0, 16, 16, 4, 0]",left,32
47,224,"[2, 8, 0, 0, 16, 4, 2, 0, 2, 32, 4, 0, 16, 16, 4, 0]",down,32
48,232,"[2, 8, 2, 0, 16, 4, 8, 0, 2, 32, 0, 0, 16, 16, 2, 0]",up,32
49,264,"[2, 8, 2, 0, 16, 4, 8, 0, 2, 32, 2, 0, 32, 2, 0, 0]",left,32
50,264,"[2, 8, 0, 0, 16, 4, 2, 0, 2, 32, 8, 2, 32, 2, 2, 0]",down,32
51,268,"[2, 8, 2, 0, 16, 4, 2, 0, 2, 32, 8, 2, 32, 4, 0, 0]",left,32
52,270,"[2, 8, 0, 0, 16, 4, 4, 0, 2, 32, 4, 0, 32, 4, 8, 2]",down,32
53,274,"[2, 8, 2, 0, 16, 4, 0, 0, 2, 32, 8, 0, 32, 4, 8, 2]",down,32
54,290,"[2, 8, 2, 2, 16, 4, 16, 0, 2, 32, 0, 0, 32, 4, 0, 2]",up,32
55,294,"[2, 8, 4, 0, 16, 4, 16, 0, 2, 32, 0, 2, 32, 4, 2, 0]",left,32
56,294,"[0, 2, 8, 4, 0, 16, 4, 16, 2, 2, 32, 2, 0, 32, 4, 2]",right,32
57,298,"[2, 2, 8, 4, 2, 16, 4, 16, 0, 2, 32, 4, 0, 32, 4, 0]",up,32
58,302,"[4, 2, 8, 4, 2, 16, 4, 16, 0, 2, 32, 4, 0, 32, 4, 0]",up,32
59,302,"[4, 2, 8, 4, 2, 16, 4, 16, 2, 32, 4, 4, 32, 4, 0, 0]",left,32
60,308,"[0, 2, 0, 0, 4, 16, 2, 4, 4, 32, 8, 16, 32, 4, 8, 4]",down,32
61,320,"[0, 2, 0, 0, 2, 16, 0, 4, 8, 32, 2, 16, 32, 4, 16, 4]",down,32
62,320,"[2, 2, 2, 4, 8, 16, 16, 16, 32, 32, 0, 4, 4, 4, 0, 0]",up,32
63,428,"[4, 2, 4, 0, 8, 32, 16, 0, 64, 4, 2, 0, 8, 0, 0, 0]",left,64
64,428,"[0, 4, 2, 4, 2, 8, 32, 16, 0, 64, 4, 2, 0, 0, 0, 8]",right,64
65,428,"[2, 4, 2, 4, 0, 8, 32, 16, 0, 64, 4, 2, 0, 2, 0, 8]",up,64
66,428,"[2, 4, 2, 4, 8, 32, 16, 0, 64, 4, 2, 0, 2, 8, 0, 2]",left,64
67,428,"[2, 4, 2, 4, 8, 32, 16, 2, 64, 4, 2, 0, 2, 8, 2, 0]",up,64
68,430,"[2, 4, 0, 0, 8, 32, 2, 2, 64, 4, 16, 4, 2, 8, 4, 2]",down,64
69,434,"[2, 4, 0, 0, 8, 32, 4, 2, 64, 4, 16, 4, 2, 8, 4, 2]",left,64
70,434,"[2, 4, 4, 2, 8, 32, 16, 4, 64, 4, 4, 2, 2, 8, 0, 2]",up,64
71,450,"[2, 8, 2, 2, 8, 32, 16, 4, 64, 8, 2, 0, 2, 8, 2, 0]",left,64
72,470,"[2, 8, 2, 2, 8, 32, 16, 4, 64, 16, 4, 0, 2, 2, 0, 0]",up,64
73,478,"[0, 2, 8, 4, 8, 32, 16, 4, 0, 64, 16, 4, 2, 0, 0, 4]",right,64
74,526,"[8, 2, 8, 8, 2, 32, 32, 8, 0, 64, 0, 2, 0, 0, 0, 0]",up,64
75,606,"[8, 2, 16, 0, 2, 64, 8, 0, 64, 2, 2, 0, 0, 0, 0, 0]",left,64
76,610,"[2, 8, 2, 16, 0, 2, 64, 8, 0, 0, 64, 4, 0, 0, 0, 0]",right,64
77,738,"[2, 8, 2, 16, 0, 2, 128, 8, 0, 0, 0, 4, 0, 2, 0, 0]",up,128
78,740,"[0, 0, 0, 0, 0, 2, 0, 16, 0, 8, 2, 8, 2, 4, 128, 4]",down,128
79,740,"[0, 0, 0, 4, 2, 16, 0, 0, 8, 2, 8, 0, 2, 4, 128, 4]",left,128
80,744,"[0, 0, 0, 0, 2, 16, 0, 0, 8, 2, 8, 2, 2, 4, 128, 8]",down,128
81,744,"[2, 16, 8, 2, 8, 2, 128, 8, 2, 4, 0, 0, 2, 0, 0, 0]",up,128
82,746,"[2, 0, 0, 0, 2, 16, 0, 0, 8, 2, 8, 2, 4, 4, 128, 8]",down,128
83,754,"[2, 0, 0, 2, 0, 0, 2, 16, 8, 2, 8, 2, 0, 8, 128, 8]",right,128
84,758,"[4, 0, 0, 0, 2, 16, 2, 0, 8, 2, 8, 2, 8, 128, 8, 0]",left,128
85,790,"[4, 16, 2, 2, 2, 2, 16, 0, 16, 128, 0, 0, 0, 0, 4, 0]",up,128
86,798,"[0, 4, 16, 4, 0, 0, 4, 16, 0, 0, 16, 128, 2, 0, 0, 4]",right,128
87,798,"[2, 4, 16, 4, 0, 2, 4, 16, 0, 0, 16, 128, 0, 0, 0, 4]",up,128
88,798,"[2, 4, 16, 4, 2, 4, 16, 0, 16, 128, 4, 0, 4, 0, 0, 0]",left,128
89,820,"[0, 0, 0, 0, 4, 2, 0, 0, 16, 8, 32, 0, 4, 128, 4, 4]",down,128
90,828,"[0, 0, 2, 0, 0, 0, 4, 2, 0, 16, 8, 32, 0, 4, 128, 8]",right,128
91,828,"[2, 0, 0, 0, 4, 2, 0, 0, 16, 8, 32, 0, 4, 128, 8, 2]",left,128
92,828,"[2, 0, 0, 2, 0, 0, 4, 2, 0, 16, 8, 32, 4, 128, 8, 2]",right,128
93,838,"[0, 0, 0, 0, 4, 0, 0, 4, 2, 16, 4, 32, 4, 128, 16, 2]",down,128
94,846,"[0, 0, 0, 2, 0, 0, 0, 8, 2, 16, 4, 32, 4, 128, 16, 2]",right,128
95,846,"[2, 2, 0, 0, 8, 0, 0, 0, 2, 16, 4, 32, 4, 128, 16, 2]",left,128
96,850,"[2, 0, 0, 4, 0, 0, 0, 8, 2, 16, 4, 32, 4, 128, 16, 2]",right,128
97,852,"[0, 0, 0, 4, 0, 0, 2, 8, 4, 16, 4, 32, 4, 128, 16, 2]",down,128
98,860,"[8, 16, 2, 4, 0, 128, 4, 8, 0, 2, 16, 32, 0, 0, 0, 2]",up,128
99,860,"[8, 16, 2, 4, 128, 4, 8, 2, 2, 16, 32, 0, 2, 0, 0, 0]",left,128
100,864,"[8, 16, 2, 4, 128, 4, 8, 2, 4, 16, 32, 0, 0, 0, 2, 0]",up,128
101,864,"[0, 2, 2, 0, 8, 16, 8, 0, 128, 4, 32, 4, 4, 16, 2, 2]",down,128
102,872,"[4, 0, 2, 0, 8, 16, 8, 0, 128, 4, 32, 4, 4, 16, 4, 0]",left,128
103,872,"[4, 2, 0, 0, 8, 16, 8, 2, 128, 4, 32, 4, 4, 16, 4, 0]",left,128
104,872,"[4, 2, 8, 2, 8, 16, 32, 4, 128, 4, 4, 0, 4, 16, 0, 2]",up,128
105,880,"[4, 2, 8, 2, 8, 16, 32, 4, 128, 8, 2, 0, 4, 16, 2, 0]",left,128
106,882,"[4, 2, 0, 0, 8, 16, 8, 2, 128, 8, 32, 2, 4, 16, 4, 4]",down,128
107,884,"[4, 2, 2, 0, 8, 16, 8, 0, 128, 8, 32, 4, 4, 16, 4, 4]",down,128
108,896,"[0, 2, 4, 4, 0, 8, 16, 8, 128, 8, 32, 4, 0, 4, 16, 8]",right,128
109,912,"[128, 2, 4, 4, 2, 16, 16, 8, 0, 4, 32, 4, 0, 0, 16, 8]",up,128
110,952,"[128, 2, 8, 2, 2, 32, 8, 0, 4, 32, 4, 0, 16, 8, 0, 0]",left,128
111,1032,"[128, 2, 16, 2, 2, 64, 4, 0, 4, 8, 0, 0, 16, 2, 0, 0]",up,128
112,1032,"[128, 2, 16, 2, 0, 2, 64, 4, 0, 0, 4, 8, 0, 2, 16, 2]",right,128
113,1036,"[128, 4, 16, 2, 2, 2, 64, 4, 0, 0, 4, 8, 0, 0, 16, 2]",up,128
114,1040,"[128, 4, 16, 2, 4, 64, 4, 0, 4, 8, 2, 0, 16, 2, 0, 0]",left,128
115,1048,"[128, 4, 16, 2, 8, 64, 4, 0, 16, 8, 2, 2, 0, 2, 0, 0]",up,128
116,1052,"[128, 4, 16, 4, 8, 64, 4, 0, 16, 8, 2, 0, 2, 2, 0, 0]",up,128
117,1056,"[128, 4, 16, 4, 8, 64, 4, 2, 16, 8, 2, 0, 4, 0, 0, 0]",left,128
118,1056,"[128, 4, 16, 4, 8, 64, 4, 2, 2, 16, 8, 2, 0, 0, 0, 4]",right,128
119,1058,"[0, 0, 2, 0, 128, 4, 16, 4, 8, 64, 4, 4, 2, 16, 8, 4]",down,128
120,1062,"[0, 2, 2, 0, 128, 4, 16, 0, 8, 64, 4, 4, 2, 16, 8, 8]",down,128
121,1090,"[0, 2, 0, 4, 0, 128, 4, 16, 0, 8, 64, 8, 0, 2, 16, 16]",right,128
122,1122,"[0, 0, 2, 4, 0, 128, 4, 16, 2, 8, 64, 8, 0, 0, 2, 32]",right,128
123,1122,"[2, 4, 0, 0, 128, 4, 16, 0, 2, 8, 64, 8, 2, 32, 0, 2]",left,128
124,1128,"[0, 0, 2, 0, 2, 8, 0, 0, 128, 8, 16, 8, 4, 32, 64, 2]",down,128
125,1144,"[2, 16, 2, 8, 128, 32, 16, 2, 4, 0, 64, 0, 0, 2, 0, 0]",up,128
126,1144,"[2, 16, 2, 8, 128, 32, 16, 2, 4, 2, 64, 0, 0, 0, 2, 0]",up,128
127,1144,"[2, 16, 2, 8, 128, 32, 16, 2, 0, 4, 2, 64, 2, 0, 0, 2]",right,128
128,1148,"[2, 16, 2, 8, 128, 32, 16, 2, 4, 2, 64, 4, 4, 0, 0, 0]",left,128
129,1152,"[0, 0, 2, 0, 2, 16, 2, 8, 128, 32, 16, 2, 8, 2, 64, 4]",down,128
130,1156,"[2, 16, 4, 8, 128, 32, 16, 2, 8, 2, 64, 4, 0, 0, 4, 0]",up,128
131,1156,"[2, 16, 4, 8, 128, 32, 16, 2, 8, 2, 64, 4, 4, 0, 2, 0]",left,128
132,1156,"[2, 4, 4, 0, 128, 16, 16, 8, 8, 32, 64, 2, 4, 2, 2, 4]",down,128
133,1200,"[0, 0, 2, 8, 0, 128, 32, 8, 8, 32, 64, 2, 4, 4, 4, 4]",right,128
134,1216,"[2, 8, 0, 0, 128, 32, 8, 2, 8, 32, 64, 2, 8, 8, 0, 0]",left,128
135,1300,"[2, 8, 8, 4, 128, 64, 64, 0, 16, 8, 0, 0, 0, 0, 2, 0]",up,128
136,1444,"[0, 2, 16, 4, 0, 0, 128, 128, 0, 0, 16, 8, 0, 0, 2, 2]",right,128
137,1704,"[2, 16, 4, 0, 256, 0, 0, 0, 16, 8, 0, 0, 4, 0, 0, 2]",left,256
138,1704,"[2, 16, 4, 2, 256, 8, 0, 0, 16, 0, 0, 0, 4, 0, 4, 0]",up,256
139,1712,"[2, 16, 8, 2, 256, 8, 0, 2, 16, 0, 0, 0, 4, 0, 0, 0]",up,256
140,1716,"[2, 16, 8, 4, 256, 8, 0, 0, 16, 0, 2, 0, 4, 0, 0, 0]",up,256
141,1716,"[2, 16, 8, 4, 256, 8, 0, 2, 16, 2, 0, 0, 4, 0, 0, 0]",left,256
142,1716,"[2, 0, 0, 0, 256, 16, 0, 2, 16, 8, 0, 4, 4, 2, 8, 2]",down,256
143,1716,"[2, 0, 2, 0, 256, 16, 2, 0, 16, 8, 4, 0, 4, 2, 8, 2]",left,256
144,1718,"[2, 0, 0, 0, 256, 16, 4, 0, 16, 8, 4, 2, 4, 2, 8, 2]",down,256
145,1724,"[2, 0, 0, 2, 256, 16, 0, 0, 16, 8, 8, 0, 4, 2, 8, 4]",down,256
146,1744,"[0, 0, 0, 4, 2, 0, 256, 16, 0, 0, 16, 16, 4, 2, 8, 4]",right,256
147,1760,"[0, 2, 0, 0, 0, 0, 256, 4, 2, 0, 16, 32, 4, 2, 8, 4]",down,256
148,1764,"[2, 4, 256, 4, 4, 0, 16, 32, 2, 0, 8, 4, 0, 0, 0, 0]",up,256
149,1764,"[2, 4, 256, 4, 4, 16, 32, 0, 2, 8, 4, 0, 0, 0, 0, 2]",left,256
150,1764,"[2, 4, 256, 4, 4, 16, 32, 2, 2, 8, 4, 0, 0, 0, 4, 0]",up,256
151,1772,"[2, 4, 256, 4, 4, 16, 32, 2, 2, 8, 8, 0, 0, 0, 0, 2]",up,256
152,1788,"[2, 4, 256, 4, 4, 16, 32, 2, 0, 0, 2, 16, 0, 0, 2, 2]",right,256
153,1792,"[2, 4, 256, 4, 4, 16, 32, 2, 0, 0, 2, 16, 0, 2, 0, 4]",right,256
154,1792,"[0, 2, 0, 4, 0, 4, 256, 2, 2, 16, 32, 16, 4, 2, 2, 4]",down,256
155,1796,"[2, 0, 2, 4, 0, 4, 256, 2, 2, 16, 32, 16, 0, 4, 4, 4]",right,256
156,1808,"[4, 4, 0, 0, 4, 256, 2, 2, 2, 16, 32, 16, 8, 4, 0, 0]",left,256
157,1820,"[8, 0, 0, 2, 4, 256, 4, 0, 2, 16, 32, 16, 8, 4, 0, 0]",left,256
158,1820,"[8, 2, 0, 0, 4, 256, 0, 0, 2, 16, 4, 2, 8, 4, 32, 16]",down,256
159,1820,"[0, 0, 8, 2, 2, 0, 4, 256, 2, 16, 4, 2, 8, 4, 32, 16]",right,256
160,1826,"[0, 2, 0, 2, 0, 0, 8, 256, 4, 16, 8, 2, 8, 4, 32, 16]",down,256
161,1842,"[4, 2, 16, 2, 8, 16, 32, 256, 0, 4, 0, 2, 0, 2, 0, 16]",up,256
162,1842,"[0, 2, 0, 2, 2, 16, 0, 256, 4, 4, 16, 2, 8, 2, 32, 16]",down,256
163,1854,"[0, 0, 2, 4, 0, 2, 16, 256, 0, 8, 16, 2, 8, 2, 32, 16]",right,256
164,1870,"[0, 2, 0, 4, 0, 2, 2, 256, 0, 8, 32, 2, 8, 2, 32, 16]",down,256
165,1938,"[8, 4, 2, 4, 0, 8, 64, 256, 0, 2, 2, 2, 0, 0, 0, 16]",up,256
166,1942,"[8, 4, 2, 4, 8, 64, 256, 4, 4, 2, 0, 0, 16, 0, 0, 0]",left,256
167,1954,"[0, 0, 0, 0, 16, 4, 2, 0, 4, 64, 2, 0, 16, 2, 256, 8]",down,256
168,1956,"[0, 0, 0, 2, 16, 4, 0, 0, 4, 64, 4, 0, 16, 2, 256, 8]",down,256
169,1956,"[16, 4, 4, 2, 4, 64, 256, 8, 16, 2, 0, 0, 2, 0, 0, 0]",up,256
170,1964,"[0, 16, 8, 2, 4, 64, 256, 8, 0, 0, 16, 2, 2, 0, 0, 2]",right,256
171,1968,"[0, 16, 8, 2, 4, 64, 256, 8, 2, 0, 16, 2, 0, 0, 0, 4]",right,256
172,1968,"[16, 8, 2, 0, 4, 64, 256, 8, 2, 16, 2, 0, 4, 0, 0, 2]",left,256
173,1968,"[0, 16, 8, 2, 4, 64, 256, 8, 0, 2, 16, 2, 0, 2, 4, 2]",right,256
174,1976,"[4, 16, 8, 2, 0, 64, 256, 8, 0, 4, 16, 4, 0, 0, 4, 2]",up,256
175,1976,"[4, 16, 8, 2, 64, 256, 8, 0, 4, 16, 4, 0, 4, 2, 0, 2]",left,256
176,2004,"[4, 16, 16, 4, 64, 256, 4, 0, 8, 16, 2, 0, 0, 2, 0, 0]",up,256
177,2036,"[4, 32, 4, 0, 64, 256, 4, 0, 8, 16, 2, 0, 2, 0, 0, 2]",left,256
178,2040,"[4, 32, 4, 0, 64, 256, 4, 0, 8, 16, 2, 0, 4, 0, 2, 0]",left,256
179,2052,"[4, 32, 8, 0, 64, 256, 4, 0, 8, 16, 0, 0, 4, 0, 2, 0]",up,256
180,2052,"[4, 0, 0, 0, 64, 32, 8, 0, 8, 256, 4, 4, 4, 16, 2, 0]",down,256
181,2060,"[4, 0, 0, 0, 64, 32, 8, 2, 8, 256, 8, 0, 4, 16, 2, 0]",left,256
182,2076,"[4, 32, 16, 2, 64, 256, 2, 0, 8, 16, 0, 0, 4, 2, 0, 0]",up,256
183,2076,"[4, 32, 16, 2, 2, 64, 256, 2, 0, 0, 8, 16, 0, 0, 4, 2]",right,256
184,2080,"[4, 32, 16, 4, 2, 64, 256, 16, 0, 0, 8, 2, 0, 0, 4, 2]",up,256
185,2084,"[4, 32, 16, 4, 2, 64, 256, 16, 2, 0, 8, 4, 0, 0, 4, 0]",up,256
186,2088,"[4, 32, 16, 4, 4, 64, 256, 16, 0, 0, 8, 4, 0, 0, 4, 2]",up,256
187,2096,"[8, 32, 16, 4, 2, 64, 256, 16, 0, 0, 8, 4, 0, 0, 4, 2]",up,256
188,2096,"[8, 32, 16, 4, 2, 64, 256, 16, 8, 4, 0, 0, 4, 2, 2, 0]",left,256
189,2100,"[8, 32, 16, 4, 2, 64, 256, 16, 2, 0, 8, 4, 0, 0, 4, 4]",right,256
190,2112,"[8, 32, 16, 4, 4, 64, 256, 16, 0, 2, 8, 8, 0, 0, 4, 0]",up,256
191,2128,"[8, 32, 16, 4, 4, 64, 256, 16, 2, 16, 0, 0, 4, 0, 0, 2]",left,256
192,2128,"[8, 0, 2, 0, 4, 32, 0, 4, 2, 64, 16, 16, 4, 16, 256, 2]",down,256
193,2160,"[2, 0, 8, 2, 0, 4, 32, 4, 0, 2, 64, 32, 4, 16, 256, 2]",right,256
194,2160,"[2, 4, 8, 2, 4, 2, 32, 4, 0, 16, 64, 32, 0, 4, 256, 2]",up,256
195,2160,"[2, 4, 8, 2, 0, 2, 32, 4, 2, 16, 64, 32, 4, 4, 256, 2]",down,256
196,2162,"[2, 4, 8, 2, 0, 2, 32, 4, 4, 16, 64, 32, 4, 4, 256, 2]",down,256
197,2166,"[2, 4, 8, 2, 0, 2, 32, 4, 2, 16, 64, 32, 8, 4, 256, 2]",down,256
198,2170,"[4, 4, 8, 2, 8, 2, 32, 4, 0, 16, 64, 32, 2, 4, 256, 2]",up,256
199,2178,"[0, 8, 8, 2, 8, 2, 32, 4, 2, 16, 64, 32, 2, 4, 256, 2]",right,256
200,2194,"[4, 0, 16, 2, 8, 2, 32, 4, 2, 16, 64, 32, 2, 4, 256, 2]",right,256
201,2198,"[4, 2, 16, 2, 8, 16, 32, 4, 4, 4, 64, 32, 2, 0, 256, 2]",up,256
202,2206,"[4, 2, 16, 2, 8, 16, 32, 4, 2, 8, 64, 32, 0, 2, 256, 2]",right,256
203,2206,"[2, 2, 16, 2, 4, 16, 32, 4, 8, 8, 64, 32, 2, 2, 256, 2]",down,256
204,2230,"[4, 16, 2, 0, 4, 16, 32, 4, 16, 64, 32, 2, 4, 256, 2, 0]",left,256
205,2282,"[0, 0, 0, 0, 8, 32, 2, 2, 16, 64, 64, 4, 4, 256, 2, 2]",down,256
206,2418,"[0, 2, 0, 0, 8, 32, 4, 0, 16, 128, 4, 0, 4, 256, 4, 0]",left,256
207,2426,"[8, 2, 8, 0, 16, 32, 4, 2, 4, 128, 0, 0, 0, 256, 0, 0]",up,256
208,2426,"[8, 2, 8, 0, 16, 32, 4, 2, 4, 128, 0, 0, 256, 0, 2, 0]",left,256
209,2426,"[4, 8, 2, 8, 16, 32, 4, 2, 0, 0, 4, 128, 0, 0, 256, 2]",right,256
210,2430,"[2, 0, 0, 8, 0, 0, 2, 2, 4, 8, 8, 128, 16, 32, 256, 2]",down,256
211,2450,"[0, 0, 2, 8, 0, 0, 0, 4, 2, 4, 16, 128, 16, 32, 256, 2]",right,256
212,2450,"[0, 0, 0, 8, 0, 2, 2, 4, 2, 4, 16, 128, 16, 32, 256, 2]",down,256
213,2454,"[0, 2, 0, 8, 0, 0, 4, 4, 2, 4, 16, 128, 16, 32, 256, 2]",right,256
214,2462,"[2, 8, 0, 0, 8, 0, 2, 0, 2, 4, 16, 128, 16, 32, 256, 2]",left,256
215,2462,"[2, 8, 2, 0, 8, 2, 0, 0, 2, 4, 16, 128, 16, 32, 256, 2]",left,256
216,2462,"[2, 8, 0, 0, 8, 2, 2, 2, 2, 4, 16, 128, 16, 32, 256, 2]",down,256
217,2466,"[2, 8, 0, 2, 8, 4, 2, 0, 2, 4, 16, 128, 16, 32, 256, 2]",left,256
218,2470,"[2, 2, 0, 0, 8, 8, 2, 2, 2, 8, 16, 128, 16, 32, 256, 2]",down,256
219,2494,"[0, 0, 2, 4, 0, 0, 16, 4, 2, 8, 16, 128, 16, 32, 256, 2]",right,256
220,2534,"[2, 8, 2, 8, 16, 32, 32, 128, 2, 0, 256, 2, 0, 0, 0, 0]",up,256
221,2598,"[2, 8, 2, 8, 0, 16, 64, 128, 0, 2, 256, 2, 0, 0, 2, 0]",right,256
222,2598,"[2, 8, 2, 8, 16, 64, 128, 0, 2, 256, 2, 0, 2, 0, 0, 2]",left,256
223,2602,"[2, 8, 2, 8, 16, 64, 128, 0, 2, 256, 2, 0, 4, 0, 0, 2]",left,256
224,2602,"[2, 8, 2, 8, 0, 16, 64, 128, 0, 2, 256, 2, 0, 2, 4, 2]",right,256
225,2610,"[2, 8, 2, 8, 0, 16, 64, 128, 0, 4, 256, 4, 2, 0, 4, 0]",up,256
226,2612,"[0, 4, 2, 0, 0, 8, 64, 8, 0, 16, 256, 128, 4, 4, 4, 4]",down,256
227,2628,"[4, 2, 0, 0, 8, 64, 8, 0, 16, 256, 128, 0, 8, 8, 0, 2]",left,256
228,2644,"[0, 2, 4, 2, 0, 8, 64, 8, 0, 16, 256, 128, 0, 0, 16, 2]",right,256
229,2644,"[0, 0, 4, 2, 0, 2, 64, 8, 2, 8, 256, 128, 0, 16, 16, 2]",down,256
230,2676,"[0, 0, 4, 2, 0, 2, 64, 8, 2, 8, 256, 128, 0, 2, 32, 2]",right,256
231,2676,"[2, 2, 4, 2, 0, 8, 64, 8, 0, 2, 256, 128, 0, 2, 32, 2]",up,256
232,2680,"[4, 4, 2, 0, 8, 64, 8, 4, 2, 256, 128, 0, 2, 32, 2, 0]",left,256
233,2682,"[0, 4, 2, 0, 4, 64, 8, 2, 8, 256, 128, 0, 4, 32, 2, 4]",down,256
234,2682,"[4, 4, 2, 2, 8, 64, 8, 4, 4, 256, 128, 4, 0, 32, 2, 0]",up,256
235,2694,"[0, 4, 8, 4, 8, 64, 8, 4, 4, 256, 128, 4, 0, 0, 32, 2]",right,256
236,2706,"[0, 0, 0, 2, 0, 4, 16, 4, 8, 64, 128, 8, 4, 256, 32, 2]",down,256
237,2706,"[2, 0, 2, 0, 4, 16, 4, 0, 8, 64, 128, 8, 4, 256, 32, 2]",left,256
238,2710,"[2, 0, 0, 4, 0, 4, 16, 4, 8, 64, 128, 8, 4, 256, 32, 2]",right,256
239,2714,"[0, 2, 0, 0, 2, 4, 16, 8, 8, 64, 128, 8, 4, 256, 32, 2]",down,256
240,2722,"[0, 2, 0, 0, 2, 4, 16, 2, 8, 64, 128, 16, 4, 256, 32, 2]",down,256
241,2722,"[2, 2, 16, 2, 8, 4, 128, 16, 4, 64, 32, 2, 0, 256, 0, 4]",up,256
242,2726,"[4, 16, 2, 2, 8, 4, 128, 16, 4, 64, 32, 2, 256, 4, 0, 0]",left,256
243,2730,"[0, 4, 16, 4, 8, 4, 128, 16, 4, 64, 32, 2, 0, 2, 256, 4]",right,256
244,2734,"[0, 2, 16, 4, 0, 8, 128, 16, 8, 64, 32, 2, 4, 2, 256, 4]",down,256
245,2734,"[8, 2, 16, 4, 4, 8, 128, 16, 2, 64, 32, 2, 0, 2, 256, 4]",up,256
246,2734,"[8, 2, 16, 4, 4, 8, 128, 16, 2, 64, 32, 2, 2, 256, 4, 2]",left,256
247,2742,"[8, 2, 16, 4, 4, 8, 128, 16, 4, 64, 32, 4, 2, 256, 4, 0]",up,256
248,2746,"[0, 2, 16, 2, 8, 8, 128, 4, 8, 64, 32, 16, 2, 256, 4, 4]",down,256
249,2770,"[2, 16, 2, 2, 16, 128, 4, 0, 8, 64, 32, 16, 2, 256, 8, 0]",left,256
250,2774,"[2, 16, 4, 0, 16, 128, 4, 0, 8, 64, 32, 16, 2, 256, 8, 2]",left,256
251,2778,"[2, 16, 0, 0, 16, 128, 8, 4, 8, 64, 32, 16, 2, 256, 8, 2]",down,256
252,2778,"[0, 2, 2, 16, 16, 128, 8, 4, 8, 64, 32, 16, 2, 256, 8, 2]",right,256
253,2782,"[0, 2, 4, 16, 16, 128, 8, 4, 8, 64, 32, 16, 2, 256, 8, 2]",right,256
254,2782,"[16, 2, 4, 16, 8, 128, 8, 4, 2, 64, 32, 16, 2, 256, 8, 2]",up,256
255,2784,"[2, 2, 4, 16, 16, 128, 8, 4, 8, 64, 32, 16, 4, 256, 8, 2]",down,256
256,2788,"[2, 4, 4, 16, 16, 128, 8, 4, 8, 64, 32, 16, 4, 256, 8, 2]",right,256
257,2796,"[2, 8, 16, 2, 16, 128, 8, 4, 8, 64, 32, 16, 4, 256, 8, 2]",left,256
1,0,"[0, 0, 0, 0, 0, 0, 0, 0, 0, 0, 0, 0, 0, 2, 0, 2]",down,2
2,4,"[0, 0, 0, 0, 0, 0, 0, 0, 0, 0, 0, 0, 4, 0, 0, 2]",left,4
3,4,"[4, 0, 0, 2, 0, 0, 0, 0, 0, 0, 0, 0, 0, 2, 0, 0]",up,4
4,4,"[0, 0, 4, 2, 0, 0, 0, 0, 2, 0, 0, 0, 0, 0, 0, 2]",right,4
5,8,"[2, 0, 4, 4, 0, 0, 0, 0, 0, 2, 0, 0, 0, 0, 0, 0]",up,4
6,16,"[0, 0, 2, 8, 0, 0, 0, 0, 0, 0, 0, 2, 0, 0, 0, 2]",right,8
7,18,"[0, 0, 0, 0, 0, 0, 0, 0, 0, 0, 0, 8, 0, 2, 2, 4]",down,8
8,22,"[0, 0, 0, 0, 0, 0, 0, 0, 8, 2, 0, 0, 4, 4, 0, 0]",left,8
9,30,"[0, 0, 0, 0, 0, 0, 0, 0, 0, 0, 8, 2, 2, 0, 0, 8]",right,8
10,30,"[0, 0, 0, 2, 0, 0, 0, 0, 8, 2, 0, 0, 2, 8, 0, 0]",left,8
11,30,"[2, 0, 0, 0, 0, 0, 0, 0, 8, 2, 0, 0, 2, 8, 2, 0]",left,8
12,30,"[0, 0, 0, 0, 2, 0, 2, 0, 8, 2, 0, 0, 2, 8, 2, 0]",down,8
13,34,"[2, 2, 4, 2, 8, 8, 0, 0, 2, 0, 0, 0, 0, 0, 0, 0]",up,8
14,54,"[4, 4, 2, 0, 16, 0, 2, 0, 2, 0, 0, 0, 0, 0, 0, 0]",left,16
15,62,"[0, 2, 8, 2, 0, 0, 16, 2, 0, 0, 0, 2, 0, 0, 0, 0]",right,16
16,66,"[0, 2, 8, 4, 0, 0, 16, 2, 2, 0, 0, 0, 0, 0, 0, 0]",up,16
17,66,"[2, 2, 8, 4, 0, 0, 16, 2, 0, 0, 0, 0, 0, 0, 2, 0]",up,16
18,70,"[4, 8, 4, 0, 16, 2, 0, 0, 0, 0, 0, 0, 2, 2, 0, 0]",left,16
19,74,"[0, 4, 8, 4, 0, 2, 16, 2, 0, 0, 0, 0, 0, 0, 0, 4]",right,16
20,74,"[0, 4, 8, 4, 0, 2, 16, 2, 0, 2, 0, 4, 0, 0, 0, 0]",up,16
21,76,"[0, 0, 4, 0, 0, 0, 0, 4, 0, 4, 8, 2, 0, 4, 16, 4]",down,16
22,84,"[0, 8, 4, 4, 0, 0, 8, 2, 0, 0, 16, 4, 0, 2, 0, 0]",up,16
23,92,"[2, 0, 8, 8, 0, 0, 8, 2, 0, 0, 16, 4, 0, 0, 0, 2]",right,16
24,100,"[0, 0, 0, 8, 0, 0, 2, 2, 0, 0, 16, 4, 2, 0, 16, 2]",down,16
25,104,"[8, 2, 0, 0, 4, 0, 0, 0, 16, 4, 0, 0, 2, 16, 2, 0]",left,16
26,104,"[8, 2, 2, 0, 4, 4, 0, 0, 16, 16, 0, 0, 2, 0, 0, 2]",up,16
27,152,"[8, 4, 0, 0, 8, 2, 0, 0, 32, 0, 0, 0, 4, 0, 0, 0]",left,32
28,160,"[0, 0, 0, 0, 16, 0, 0, 0, 32, 4, 0, 2, 4, 2, 0, 0]",down,32
29,160,"[0, 0, 0, 0, 16, 2, 0, 0, 32, 4, 2, 0, 4, 2, 0, 0]",left,32
30,160,"[2, 0, 0, 0, 16, 2, 0, 0, 32, 4, 0, 0, 4, 2, 2, 0]",down,32
31,164,"[2, 0, 0, 4, 16, 2, 0, 0, 32, 4, 0, 0, 4, 4, 0, 0]",left,32
32,172,"[2, 2, 0, 4, 16, 8, 0, 0, 32, 0, 0, 2, 4, 0, 0, 0]",up,32
33,176,"[4, 4, 0, 0, 16, 8, 0, 0, 32, 2, 0, 0, 4, 0, 0, 2]",left,32
34,184,"[0, 0, 0, 8, 0, 0, 16, 8, 2, 0, 32, 2, 0, 0, 4, 2]",right,32
35,204,"[2, 0, 16, 16, 0, 2, 32, 4, 0, 0, 4, 0, 0, 0, 0, 0]",up,32
36,236,"[2, 32, 0, 0, 2, 32, 4, 0, 4, 0, 0, 2, 0, 0, 0, 0]",left,32
37,270,"[0, 2, 0, 0, 0, 0, 0, 0, 4, 0, 0, 0, 4, 64, 4, 2]",down,64
38,278,"[8, 2, 4, 2, 0, 64, 0, 0, 0, 0, 0, 0, 0, 0, 2, 0]",up,64
39,278,"[8, 2, 4, 2, 0, 0, 0, 64, 0, 2, 0, 0, 0, 0, 0, 2]",right,64
40,280,"[0, 0, 0, 0, 0, 2, 0, 2, 0, 0, 0, 64, 8, 4, 4, 2]",down,64
41,292,"[0, 0, 0, 0, 4, 0, 0, 0, 64, 0, 0, 0, 8, 8, 2, 4]",left,64
42,308,"[0, 0, 0, 0, 4, 0, 0, 0, 64, 0, 2, 0, 16, 2, 4, 0]",left,64
43,308,"[0, 0, 0, 0, 0, 0, 4, 4, 0, 0, 64, 2, 0, 16, 2, 4]",right,64
44,316,"[0, 0, 0, 0, 8, 0, 0, 0, 64, 2, 2, 0, 16, 2, 4, 0]",left,64
45,320,"[8, 4, 2, 0, 64, 0, 4, 0, 16, 0, 0, 0, 0, 0, 2, 0]",up,64
46,320,"[0, 0, 0, 2, 8, 0, 2, 0, 64, 0, 4, 0, 16, 4, 2, 0]",down,64
47,320,"[0, 0, 0, 0, 8, 0, 2, 0, 64, 2, 4, 0, 16, 4, 2, 2]",down,64
48,324,"[0, 0, 0, 0, 8, 2, 0, 0, 64, 2, 4, 2, 16, 4, 4, 0]",left,64
49,330,"[0, 0, 0, 2, 8, 0, 0, 0, 64, 4, 0, 0, 16, 4, 8, 2]",down,64
50,342,"[8, 8, 8, 4, 64, 0, 0, 0, 16, 0, 2, 0, 0, 0, 0, 0]",up,64
51,358,"[16, 8, 4, 4, 64, 0, 0, 0, 16, 2, 0, 0, 0, 0, 0, 0]",left,64
52,366,"[0, 16, 8, 8, 0, 0, 0, 64, 2, 0, 16, 2, 0, 0, 0, 0]",right,64
53,382,"[0, 0, 16, 16, 0, 0, 0, 64, 0, 2, 16, 2, 2, 0, 0, 0]",right,64
54,398,"[0, 0, 2, 0, 0, 0, 0, 16, 0, 0, 0, 64, 2, 2, 32, 2]",down,64
55,402,"[2, 0, 0, 0, 16, 0, 0, 0, 64, 2, 0, 0, 4, 32, 2, 0]",left,64
56,402,"[2, 2, 2, 0, 16, 32, 0, 0, 64, 0, 0, 2, 4, 0, 0, 0]",up,64
57,406,"[4, 2, 0, 0, 16, 32, 0, 0, 64, 2, 2, 0, 4, 0, 0, 0]",left,64
58,410,"[4, 2, 0, 0, 16, 32, 0, 0, 64, 4, 0, 0, 4, 0, 0, 2]",left,64
59,410,"[4, 0, 0, 0, 16, 2, 2, 0, 64, 32, 0, 0, 4, 4, 0, 2]",down,64
60,422,"[4, 0, 0, 0, 16, 4, 0, 0, 64, 32, 2, 0, 8, 2, 0, 0]",left,64
61,422,"[0, 0, 2, 4, 0, 0, 16, 4, 0, 64, 32, 2, 0, 0, 8, 2]",right,64
62,434,"[0, 64, 2, 8, 0, 0, 16, 4, 0, 0, 32, 2, 0, 0, 8, 0]",up,64
63,434,"[0, 0, 2, 2, 0, 0, 16, 8, 0, 0, 32, 4, 0, 64, 8, 2]",down,64
64,438,"[0, 2, 0, 4, 0, 0, 16, 8, 0, 0, 32, 4, 0, 64, 8, 2]",right,64
65,438,"[0, 0, 0, 4, 2, 0, 16, 8, 0, 2, 32, 4, 0, 64, 8, 2]",down,64
66,438,"[2, 2, 16, 4, 0, 64, 32, 8, 0, 2, 8, 4, 0, 0, 0, 2]",up,64
67,442,"[4, 16, 4, 2, 64, 32, 8, 0, 2, 8, 4, 0, 2, 0, 0, 0]",left,64
68,446,"[4, 16, 4, 2, 64, 32, 8, 0, 4, 8, 4, 0, 4, 0, 0, 0]",up,64
69,454,"[4, 16, 4, 2, 64, 32, 8, 0, 8, 8, 4, 0, 2, 0, 0, 0]",up,64
70,470,"[4, 16, 4, 2, 64, 32, 8, 2, 16, 4, 0, 0, 2, 0, 0, 0]",left,64
71,474,"[4, 16, 4, 4, 64, 32, 8, 0, 16, 4, 0, 0, 2, 2, 0, 0]",up,64
72,486,"[0, 4, 16, 8, 0, 64, 32, 8, 2, 0, 16, 4, 0, 0, 0, 4]",right,64
73,498,"[0, 0, 0, 0, 0, 2, 16, 0, 0, 4, 32, 16, 2, 64, 16, 8]",down,64
74,498,"[2, 2, 16, 16, 0, 4, 32, 8, 0, 64, 16, 0, 0, 0, 0, 2]",up,64
75,534,"[4, 32, 0, 0, 4, 32, 8, 0, 64, 16, 2, 0, 2, 0, 0, 0]",left,64
76,606,"[8, 64, 8, 0, 64, 16, 2, 0, 2, 2, 0, 0, 0, 0, 0, 0]",up,64
77,610,"[0, 8, 64, 8, 0, 64, 16, 2, 0, 0, 0, 4, 0, 2, 0, 0]",right,64
78,610,"[0, 0, 0, 0, 0, 8, 4, 8, 0, 64, 64, 2, 0, 2, 16, 4]",down,64
79,738,"[0, 0, 0, 2, 8, 4, 8, 0, 128, 2, 0, 0, 2, 16, 4, 0]",left,128
80,738,"[8, 4, 8, 2, 128, 2, 4, 0, 2, 16, 0, 2, 0, 0, 0, 0]",up,128
81,740,"[0, 0, 0, 0, 8, 4, 4, 0, 128, 2, 8, 0, 2, 16, 4, 4]",down,128
82,756,"[0, 0, 2, 0, 0, 0, 8, 8, 0, 128, 2, 8, 0, 2, 16, 8]",right,128
83,764,"[0, 2, 2, 0, 0, 0, 8, 0, 0, 128, 2, 8, 0, 2, 16, 16]",down,128
84,800,"[4, 0, 0, 0, 8, 0, 0, 0, 128, 2, 8, 2, 2, 32, 0, 0]",left,128
85,800,"[4, 0, 0, 0, 8, 2, 0, 0, 128, 2, 0, 0, 2, 32, 8, 2]",down,128
86,802,"[4, 0, 0, 0, 8, 0, 0, 2, 128, 4, 0, 0, 2, 32, 8, 2]",down,128
87,804,"[4, 0, 2, 0, 8, 0, 0, 0, 128, 4, 0, 0, 2, 32, 8, 4]",down,128
88,804,"[4, 2, 0, 2, 8, 0, 0, 0, 128, 4, 0, 0, 2, 32, 8, 4]",left,128
89,808,"[0, 0, 4, 4, 0, 0, 0, 8, 2, 0, 128, 4, 2, 32, 8, 4]",right,128
90,814,"[0, 2, 0, 0, 0, 0, 4, 4, 0, 0, 128, 8, 4, 32, 8, 8]",down,128
91,838,"[2, 0, 0, 2, 0, 0, 0, 8, 0, 0, 128, 8, 0, 4, 32, 16]",right,128
92,846,"[4, 0, 0, 0, 0, 0, 0, 2, 0, 0, 128, 16, 2, 4, 32, 16]",down,128
93,878,"[4, 4, 128, 2, 2, 0, 32, 32, 2, 0, 0, 0, 0, 0, 0, 0]",up,128
94,950,"[0, 8, 128, 2, 0, 0, 2, 64, 0, 2, 0, 2, 0, 0, 0, 0]",right,128
95,954,"[0, 8, 128, 2, 0, 0, 2, 64, 0, 0, 0, 4, 0, 0, 0, 2]",right,128
96,954,"[0, 0, 2, 2, 0, 0, 0, 64, 0, 0, 128, 4, 0, 8, 2, 2]",down,128
97,962,"[4, 0, 0, 0, 64, 2, 0, 0, 128, 4, 0, 0, 8, 4, 0, 0]",left,128
98,970,"[4, 2, 0, 0, 64, 8, 0, 0, 128, 0, 0, 0, 8, 2, 0, 0]",up,128
99,970,"[4, 2, 0, 0, 64, 8, 0, 0, 128, 2, 0, 4, 8, 0, 0, 0]",up,128
100,970,"[4, 2, 0, 0, 64, 8, 0, 0, 128, 2, 4, 2, 8, 0, 0, 0]",left,128
101,970,"[0, 0, 4, 2, 0, 0, 64, 8, 128, 2, 4, 2, 0, 2, 0, 8]",right,128
102,972,"[0, 0, 0, 2, 0, 0, 4, 8, 0, 2, 64, 2, 128, 4, 4, 8]",down,128
103,980,"[0, 0, 0, 2, 0, 0, 4, 8, 0, 2, 64, 2, 2, 128, 8, 8]",right,128
104,996,"[0, 2, 0, 2, 0, 0, 4, 8, 0, 2, 64, 2, 0, 2, 128, 16]",right,128
105,998,"[0, 0, 0, 2, 0, 0, 4, 8, 0, 2, 64, 2, 4, 4, 128, 16]",down,128
106,1006,"[2, 0, 0, 2, 4, 8, 0, 0, 2, 64, 2, 0, 8, 128, 16, 0]",left,128
107,1010,"[4, 0, 0, 0, 4, 8, 0, 0, 2, 64, 2, 2, 8, 128, 16, 0]",left,128
108,1014,"[0, 0, 0, 0, 8, 8, 0, 2, 2, 64, 2, 0, 8, 128, 16, 2]",down,128
109,1030,"[0, 0, 0, 0, 2, 0, 16, 2, 0, 2, 64, 2, 8, 128, 16, 2]",right,128
110,1034,"[2, 2, 16, 4, 8, 128, 64, 2, 0, 0, 16, 2, 0, 0, 0, 0]",up,128
111,1038,"[0, 4, 16, 4, 8, 128, 64, 2, 0, 0, 16, 2, 2, 0, 0, 0]",right,128
112,1040,"[0, 0, 0, 0, 0, 0, 16, 2, 8, 4, 64, 4, 2, 128, 16, 4]",down,128
113,1044,"[0, 0, 2, 0, 0, 0, 16, 0, 8, 4, 64, 2, 2, 128, 16, 8]",down,128
114,1044,"[2, 0, 0, 0, 16, 0, 0, 2, 8, 4, 64, 2, 2, 128, 16, 8]",left,128
115,1046,"[2, 0, 0, 0, 16, 0, 2, 0, 8, 4, 64, 4, 2, 128, 16, 8]",down,128
116,1046,"[2, 0, 0, 2, 16, 2, 0, 0, 8, 4, 64, 4, 2, 128, 16, 8]",left,128
117,1050,"[2, 0, 0, 4, 0, 0, 16, 2, 8, 4, 64, 4, 2, 128, 16, 8]",right,128
118,1050,"[0, 2, 2, 4, 0, 0, 16, 2, 8, 4, 64, 4, 2, 128, 16, 8]",right,128
119,1054,"[0, 0, 4, 4, 2, 0, 16, 2, 8, 4, 64, 4, 2, 128, 16, 8]",right,128
120,1062,"[0, 0, 2, 8, 0, 2, 16, 2, 8, 4, 64, 4, 2, 128, 16, 8]",right,128
121,1062,"[8, 2, 2, 8, 2, 4, 16, 2, 0, 128, 64, 4, 0, 2, 16, 8]",up,128
122,1066,"[0, 8, 4, 8, 2, 4, 16, 2, 2, 128, 64, 4, 0, 2, 16, 8]",right,128
123,1068,"[0, 8, 4, 8, 2, 4, 16, 2, 0, 128, 64, 4, 4, 2, 16, 8]",down,128
124,1068,"[8, 4, 8, 0, 2, 4, 16, 2, 128, 64, 4, 2, 4, 2, 16, 8]",left,128
125,1080,"[8, 8, 8, 4, 2, 64, 16, 8, 128, 2, 4, 0, 4, 2, 16, 0]",up,128
126,1096,"[2, 8, 16, 4, 2, 64, 16, 8, 0, 128, 2, 4, 0, 4, 2, 16]",right,128
127,1116,"[0, 8, 0, 4, 2, 64, 0, 8, 0, 128, 32, 4, 4, 4, 4, 16]",down,128
128,1124,"[2, 0, 8, 4, 0, 2, 64, 8, 0, 128, 32, 4, 0, 4, 8, 16]",right,128
129,1124,"[2, 2, 8, 4, 0, 128, 64, 8, 2, 4, 32, 4, 0, 0, 8, 16]",up,128
130,1128,"[4, 2, 8, 4, 2, 128, 64, 8, 0, 4, 32, 4, 0, 0, 8, 16]",up,128
131,1128,"[0, 0, 8, 4, 2, 2, 64, 8, 4, 128, 32, 4, 2, 4, 8, 16]",down,128
132,1132,"[8, 4, 2, 0, 4, 64, 8, 0, 4, 128, 32, 4, 2, 4, 8, 16]",left,128
133,1136,"[0, 4, 2, 2, 8, 64, 8, 0, 8, 128, 32, 4, 2, 4, 8, 16]",down,128
134,1140,"[0, 2, 4, 4, 0, 8, 64, 8, 8, 128, 32, 4, 2, 4, 8, 16]",right,128
135,1148,"[2, 8, 0, 2, 8, 64, 8, 0, 8, 128, 32, 4, 2, 4, 8, 16]",left,128
136,1156,"[0, 8, 0, 2, 2, 64, 8, 2, 16, 128, 32, 4, 2, 4, 8, 16]",down,128
137,1158,"[2, 8, 0, 0, 2, 64, 8, 4, 16, 128, 32, 4, 2, 4, 8, 16]",down,128
138,1170,"[4, 8, 8, 8, 16, 64, 32, 16, 2, 128, 8, 0, 0, 4, 2, 0]",up,128
139,1186,"[4, 16, 8, 2, 16, 64, 32, 16, 2, 128, 8, 0, 4, 2, 0, 0]",left,128
140,1186,"[4, 16, 0, 2, 16, 64, 8, 0, 2, 128, 32, 2, 4, 2, 8, 16]",down,128
141,1188,"[4, 16, 2, 0, 16, 64, 8, 0, 2, 128, 32, 4, 4, 2, 8, 16]",down,128
142,1188,"[4, 16, 2, 4, 16, 64, 8, 16, 2, 128, 32, 0, 4, 2, 8, 2]",up,128
143,1188,"[4, 16, 2, 4, 16, 64, 8, 16, 2, 2, 128, 32, 4, 2, 8, 2]",right,128
144,1192,"[4, 16, 2, 4, 16, 64, 8, 16, 4, 128, 32, 2, 4, 2, 8, 2]",left,128
145,1204,"[4, 16, 2, 4, 16, 64, 8, 16, 8, 128, 32, 4, 0, 2, 8, 2]",up,128
146,1204,"[2, 16, 2, 4, 4, 64, 8, 16, 16, 128, 32, 4, 8, 2, 8, 2]",down,128
