Move,Score,Matrix,Previous_Move,Largest_Tile
1,0,"[0, 0, 0, 2, 0, 0, 0, 0, 0, 0, 0, 0, 0, 0, 0, 2]",down,2
2,4,"[0, 2, 0, 4, 0, 0, 0, 0, 0, 0, 0, 0, 0, 0, 0, 0]",up,4
3,4,"[0, 0, 0, 0, 0, 0, 0, 0, 0, 0, 0, 0, 2, 2, 0, 4]",down,4
4,8,"[0, 0, 0, 2, 0, 0, 0, 0, 0, 0, 0, 0, 0, 0, 4, 4]",right,4
5,16,"[0, 0, 0, 2, 0, 0, 0, 0, 0, 0, 0, 2, 0, 0, 0, 8]",right,8
6,20,"[0, 0, 0, 4, 0, 0, 0, 8, 0, 2, 0, 0, 0, 0, 0, 0]",up,8
7,20,"[0, 0, 0, 4, 0, 0, 0, 8, 2, 0, 0, 2, 0, 0, 0, 0]",right,8
8,24,"[0, 0, 0, 4, 0, 0, 0, 8, 0, 0, 0, 4, 2, 0, 0, 0]",right,8
9,24,"[0, 2, 0, 4, 0, 0, 0, 8, 0, 0, 0, 4, 0, 0, 0, 2]",right,8
10,24,"[2, 0, 0, 4, 0, 0, 0, 8, 0, 0, 0, 4, 0, 2, 0, 2]",down,8
11,28,"[0, 0, 2, 4, 0, 0, 0, 8, 0, 0, 0, 4, 2, 0, 0, 4]",right,8
12,36,"[2, 0, 2, 4, 0, 0, 0, 8, 0, 0, 0, 8, 2, 0, 0, 0]",up,8
13,56,"[4, 0, 2, 4, 0, 0, 0, 16, 0, 0, 0, 0, 0, 0, 0, 2]",up,16
14,56,"[4, 2, 4, 0, 16, 2, 0, 0, 0, 0, 0, 0, 2, 0, 0, 0]",left,16
15,60,"[4, 4, 4, 0, 16, 0, 0, 0, 2, 0, 0, 4, 0, 0, 0, 0]",up,16
16,68,"[0, 0, 4, 8, 0, 0, 0, 16, 0, 2, 2, 4, 0, 0, 0, 0]",right,16
17,72,"[0, 0, 4, 8, 0, 0, 0, 16, 0, 0, 4, 4, 0, 0, 0, 2]",right,16
18,80,"[0, 0, 8, 8, 0, 0, 0, 16, 2, 0, 0, 4, 0, 0, 0, 2]",up,16
19,96,"[0, 2, 0, 16, 0, 0, 0, 16, 0, 0, 2, 4, 0, 0, 0, 2]",right,16
20,128,"[0, 2, 2, 32, 0, 0, 0, 4, 0, 0, 0, 2, 0, 0, 0, 2]",up,32
21,132,"[0, 2, 2, 32, 0, 0, 4, 4, 0, 0, 0, 4, 0, 0, 0, 0]",up,32
22,144,"[0, 0, 4, 32, 4, 0, 0, 8, 0, 0, 0, 4, 0, 0, 0, 0]",right,32
23,144,"[4, 0, 4, 32, 0, 0, 0, 8, 0, 0, 0, 4, 0, 2, 0, 0]",up,32
24,152,"[0, 0, 8, 32, 0, 0, 0, 8, 0, 0, 2, 4, 0, 0, 0, 2]",right,32
25,152,"[0, 0, 0, 32, 0, 0, 0, 8, 0, 0, 8, 4, 0, 2, 2, 2]",down,32
26,156,"[0, 0, 0, 32, 0, 0, 0, 8, 0, 0, 8, 4, 0, 2, 2, 4]",right,32
27,164,"[0, 2, 8, 32, 0, 0, 2, 8, 0, 2, 0, 8, 0, 0, 0, 0]",up,32
28,184,"[0, 4, 8, 32, 0, 0, 2, 16, 0, 0, 2, 0, 0, 0, 0, 0]",up,32
29,188,"[0, 4, 8, 32, 0, 2, 4, 16, 0, 0, 0, 0, 0, 0, 0, 0]",up,32
30,188,"[4, 8, 32, 0, 2, 4, 16, 0, 0, 0, 0, 2, 0, 0, 0, 0]",left,32
31,188,"[0, 0, 0, 0, 2, 0, 0, 0, 4, 8, 32, 0, 2, 4, 16, 2]",down,32
32,188,"[2, 8, 32, 2, 4, 4, 16, 0, 2, 0, 0, 2, 0, 0, 0, 0]",up,32
33,200,"[2, 8, 32, 2, 0, 0, 8, 16, 0, 2, 0, 4, 0, 0, 0, 0]",right,32
34,200,"[2, 8, 32, 2, 8, 16, 0, 0, 2, 4, 0, 0, 0, 2, 0, 0]",left,32
35,200,"[2, 8, 32, 2, 8, 16, 2, 0, 2, 4, 0, 0, 2, 0, 0, 0]",left,32
36,204,"[2, 8, 32, 2, 8, 16, 2, 0, 4, 4, 0, 2, 0, 0, 0, 0]",up,32
37,212,"[2, 8, 32, 2, 0, 8, 16, 2, 0, 2, 8, 2, 0, 0, 0, 0]",right,32
38,232,"[2, 16, 32, 4, 0, 2, 16, 2, 0, 2, 8, 0, 0, 0, 0, 0]",up,32
39,236,"[2, 16, 32, 4, 0, 4, 16, 2, 2, 0, 8, 0, 0, 0, 0, 0]",up,32
40,240,"[4, 16, 32, 4, 2, 4, 16, 2, 0, 0, 8, 0, 0, 0, 0, 0]",up,32
41,240,"[0, 0, 2, 0, 0, 0, 32, 0, 4, 16, 16, 4, 2, 4, 8, 2]",down,32
42,272,"[2, 0, 0, 2, 0, 0, 0, 32, 0, 4, 32, 4, 2, 4, 8, 2]",right,32
43,284,"[4, 8, 32, 2, 0, 0, 8, 32, 0, 0, 0, 4, 2, 0, 0, 2]",up,32
44,288,"[4, 8, 32, 2, 0, 0, 8, 32, 0, 0, 0, 4, 0, 2, 0, 4]",right,32
45,296,"[4, 8, 32, 2, 0, 2, 8, 32, 0, 2, 0, 8, 0, 0, 0, 0]",up,32
46,300,"[4, 8, 32, 2, 0, 4, 8, 32, 0, 0, 0, 8, 0, 0, 0, 2]",up,32
47,300,"[4, 8, 32, 2, 4, 8, 32, 0, 8, 0, 0, 0, 2, 0, 2, 0]",left,32
48,388,"[8, 16, 64, 2, 8, 2, 2, 0, 2, 0, 0, 0, 0, 0, 0, 0]",up,64
49,404,"[16, 16, 64, 2, 2, 2, 2, 0, 2, 0, 0, 0, 0, 0, 0, 0]",up,64
50,440,"[0, 32, 64, 2, 0, 0, 2, 4, 0, 0, 0, 2, 0, 0, 2, 0]",right,64
51,444,"[0, 32, 64, 2, 0, 2, 4, 4, 0, 0, 0, 2, 0, 0, 0, 0]",up,64
52,452,"[0, 32, 64, 2, 0, 0, 2, 8, 0, 0, 0, 2, 0, 2, 0, 0]",right,64
53,452,"[0, 32, 64, 2, 0, 2, 2, 8, 0, 2, 0, 2, 0, 0, 0, 0]",up,64
54,460,"[0, 32, 64, 2, 0, 2, 4, 8, 0, 0, 0, 4, 0, 0, 0, 0]",right,64
55,460,"[32, 64, 2, 0, 2, 4, 8, 0, 4, 0, 0, 0, 2, 0, 0, 0]",left,64
56,460,"[0, 32, 64, 2, 0, 2, 4, 8, 0, 2, 0, 4, 0, 0, 0, 2]",right,64
57,464,"[4, 32, 64, 2, 0, 4, 4, 8, 0, 0, 0, 4, 0, 0, 0, 2]",up,64
58,472,"[4, 32, 64, 2, 0, 0, 8, 8, 2, 0, 0, 4, 0, 0, 0, 2]",right,64
59,488,"[4, 32, 64, 2, 0, 0, 0, 16, 0, 0, 2, 4, 2, 0, 0, 2]",right,64
60,492,"[4, 32, 64, 2, 0, 0, 0, 16, 0, 0, 2, 4, 0, 0, 2, 4]",right,64
61,504,"[4, 32, 64, 2, 0, 2, 4, 16, 0, 0, 0, 8, 0, 0, 0, 0]",up,64
62,504,"[0, 0, 0, 0, 0, 0, 0, 2, 2, 32, 64, 16, 4, 2, 4, 8]",down,64
63,504,"[2, 32, 64, 2, 4, 2, 4, 16, 4, 0, 0, 8, 0, 0, 0, 0]",up,64
64,512,"[2, 32, 64, 2, 8, 2, 4, 16, 0, 0, 0, 8, 0, 0, 2, 0]",up,64
65,512,"[0, 0, 0, 0, 0, 2, 64, 2, 2, 32, 4, 16, 8, 2, 2, 8]",down,64
66,516,"[0, 0, 0, 0, 2, 2, 64, 2, 2, 32, 4, 16, 0, 8, 4, 8]",right,64
67,528,"[4, 2, 64, 2, 0, 32, 8, 16, 0, 8, 0, 8, 0, 0, 2, 0]",up,64
68,544,"[4, 2, 64, 2, 0, 32, 8, 16, 0, 0, 0, 16, 2, 0, 0, 2]",right,64
69,576,"[4, 2, 64, 2, 2, 32, 8, 32, 0, 0, 0, 2, 0, 0, 0, 2]",up,64
70,580,"[4, 2, 64, 2, 2, 32, 8, 32, 0, 0, 0, 4, 2, 0, 0, 0]",up,64
71,584,"[4, 2, 64, 2, 4, 32, 8, 32, 2, 0, 0, 4, 0, 0, 0, 0]",up,64
72,592,"[8, 2, 64, 2, 2, 32, 8, 32, 2, 0, 0, 4, 0, 0, 0, 0]",up,64
73,596,"[8, 2, 64, 2, 4, 32, 8, 32, 2, 0, 0, 4, 0, 0, 0, 0]",up,64
74,596,"[0, 0, 0, 0, 8, 0, 2, 2, 4, 2, 64, 32, 2, 32, 8, 4]",down,64
75,600,"[0, 0, 0, 0, 0, 4, 8, 4, 4, 2, 64, 32, 2, 32, 8, 4]",right,64
76,600,"[4, 4, 8, 4, 2, 2, 64, 32, 0, 32, 8, 4, 0, 2, 0, 0]",up,64
77,612,"[0, 8, 8, 4, 0, 4, 64, 32, 0, 32, 8, 4, 0, 2, 0, 2]",right,64
78,632,"[0, 0, 16, 4, 0, 4, 64, 32, 0, 32, 8, 4, 0, 4, 0, 4]",right,64
79,640,"[0, 4, 16, 4, 0, 32, 64, 32, 0, 4, 8, 8, 0, 4, 0, 0]",up,64
80,656,"[0, 4, 16, 4, 2, 32, 64, 32, 0, 0, 4, 16, 0, 0, 0, 4]",right,64
81,656,"[0, 0, 2, 4, 0, 0, 16, 32, 0, 4, 64, 16, 2, 32, 4, 4]",down,64
82,664,"[0, 0, 2, 4, 0, 2, 16, 32, 0, 4, 64, 16, 0, 2, 32, 8]",right,64
83,664,"[0, 2, 2, 4, 0, 4, 16, 32, 4, 2, 64, 16, 0, 0, 32, 8]",up,64
84,668,"[0, 0, 4, 4, 2, 4, 16, 32, 4, 2, 64, 16, 0, 0, 32, 8]",right,64
85,676,"[0, 0, 2, 8, 2, 4, 16, 32, 4, 2, 64, 16, 0, 0, 32, 8]",right,64
86,676,"[0, 0, 2, 8, 2, 0, 16, 32, 2, 4, 64, 16, 4, 2, 32, 8]",down,64
87,678,"[0, 0, 2, 8, 0, 2, 16, 32, 4, 4, 64, 16, 4, 2, 32, 8]",down,64
88,686,"[8, 2, 2, 8, 0, 4, 16, 32, 0, 2, 64, 16, 2, 0, 32, 8]",up,64
89,690,"[0, 8, 4, 8, 0, 4, 16, 32, 2, 2, 64, 16, 0, 2, 32, 8]",right,64
90,694,"[2, 8, 4, 8, 0, 4, 16, 32, 0, 4, 64, 16, 2, 0, 32, 8]",up,64
91,706,"[4, 8, 4, 8, 0, 8, 16, 32, 2, 0, 64, 16, 0, 0, 32, 8]",up,64
92,722,"[4, 16, 4, 8, 2, 0, 16, 32, 0, 2, 64, 16, 0, 0, 32, 8]",up,64
93,722,"[4, 16, 4, 8, 2, 16, 32, 0, 2, 64, 16, 2, 32, 8, 0, 0]",left,64
94,726,"[4, 16, 4, 8, 4, 16, 32, 2, 32, 64, 16, 0, 0, 8, 0, 4]",up,64
95,766,"[8, 32, 4, 8, 32, 64, 32, 2, 0, 8, 16, 4, 0, 0, 2, 0]",up,64
96,766,"[8, 32, 4, 8, 32, 64, 32, 2, 8, 16, 4, 0, 2, 0, 2, 0]",left,64
97,770,"[8, 32, 4, 8, 32, 64, 32, 2, 0, 8, 16, 4, 2, 0, 0, 4]",right,64
98,778,"[8, 32, 4, 8, 32, 64, 32, 2, 2, 8, 16, 8, 2, 0, 0, 0]",up,64
99,782,"[8, 32, 4, 8, 32, 64, 32, 2, 4, 8, 16, 8, 0, 2, 0, 0]",up,64
100,782,"[8, 32, 4, 8, 32, 64, 32, 2, 4, 8, 16, 8, 0, 0, 2, 2]",right,64
101,786,"[8, 32, 4, 8, 32, 64, 32, 2, 4, 8, 16, 8, 0, 2, 0, 4]",right,64
102,786,"[8, 32, 4, 8, 32, 64, 32, 2, 4, 8, 16, 8, 2, 4, 0, 2]",left,64
103,786,"[8, 32, 4, 8, 32, 64, 32, 2, 4, 8, 16, 8, 2, 4, 2, 2]",left,64
104,790,"[8, 32, 4, 8, 32, 64, 32, 2, 4, 8, 16, 8, 2, 2, 4, 4]",right,64
105,802,"[8, 32, 4, 8, 32, 64, 32, 2, 4, 8, 16, 8, 2, 0, 4, 8]",right,64
106,818,"[8, 32, 4, 8, 32, 64, 32, 2, 4, 8, 16, 16, 2, 0, 4, 2]",up,64
107,850,"[8, 32, 4, 8, 32, 64, 32, 2, 4, 4, 8, 32, 0, 2, 4, 2]",right,64
108,858,"[8, 32, 4, 8, 32, 64, 32, 2, 2, 8, 8, 32, 0, 2, 4, 2]",right,64
109,874,"[8, 32, 4, 8, 32, 64, 32, 2, 0, 2, 16, 32, 2, 2, 4, 2]",right,64
110,878,"[8, 32, 4, 8, 32, 64, 32, 2, 2, 4, 16, 32, 2, 0, 4, 2]",up,64
111,882,"[8, 32, 4, 8, 32, 64, 32, 2, 4, 4, 16, 32, 2, 0, 4, 2]",up,64
112,890,"[8, 32, 4, 8, 32, 64, 32, 2, 0, 8, 16, 32, 2, 2, 4, 2]",right,64
113,894,"[8, 32, 4, 8, 32, 64, 32, 2, 2, 8, 16, 32, 0, 4, 4, 2]",right,64
114,902,"[8, 32, 4, 8, 32, 64, 32, 2, 2, 8, 16, 32, 2, 0, 8, 2]",right,64
115,906,"[8, 32, 4, 8, 32, 64, 32, 2, 4, 8, 16, 32, 2, 0, 8, 2]",up,64
116,906,"[8, 32, 4, 8, 32, 64, 32, 2, 4, 8, 16, 32, 2, 2, 8, 2]",right,64
117,910,"[8, 32, 4, 8, 32, 64, 32, 2, 4, 8, 16, 32, 2, 4, 8, 2]",right,64
1,0,"[0, 0, 0, 2, 0, 0, 0, 0, 0, 0, 0, 0, 0, 0, 0, 2]",down,2
2,4,"[0, 2, 0, 4, 0, 0, 0, 0, 0, 0, 0, 0, 0, 0, 0, 0]",up,4
3,4,"[0, 0, 0, 0, 0, 0, 0, 0, 0, 0, 0, 0, 2, 2, 0, 4]",down,4
4,8,"[0, 0, 0, 2, 0, 0, 0, 0, 0, 0, 0, 0, 0, 0, 4, 4]",right,4
5,16,"[0, 0, 0, 2, 0, 0, 0, 0, 0, 0, 0, 2, 0, 0, 0, 8]",right,8
6,20,"[0, 0, 0, 4, 0, 0, 0, 8, 0, 2, 0, 0, 0, 0, 0, 0]",up,8
7,20,"[0, 0, 0, 4, 0, 0, 0, 8, 2, 0, 0, 2, 0, 0, 0, 0]",right,8
8,24,"[0, 0, 0, 4, 0, 0, 0, 8, 0, 0, 0, 4, 2, 0, 0, 0]",right,8
9,24,"[0, 2, 0, 4, 0, 0, 0, 8, 0, 0, 0, 4, 0, 0, 0, 2]",right,8
10,24,"[2, 0, 0, 4, 0, 0, 0, 8, 0, 0, 0, 4, 0, 2, 0, 2]",down,8
11,28,"[0, 0, 2, 4, 0, 0, 0, 8, 0, 0, 0, 4, 2, 0, 0, 4]",right,8
12,36,"[2, 0, 2, 4, 0, 0, 0, 8, 0, 0, 0, 8, 2, 0, 0, 0]",up,8
13,56,"[4, 0, 2, 4, 0, 0, 0, 16, 0, 0, 0, 0, 0, 0, 0, 2]",up,16
14,56,"[4, 2, 4, 0, 16, 2, 0, 0, 0, 0, 0, 0, 2, 0, 0, 0]",left,16
15,60,"[4, 4, 4, 0, 16, 0, 0, 0, 2, 0, 0, 4, 0, 0, 0, 0]",up,16
16,68,"[0, 0, 4, 8, 0, 0, 0, 16, 0, 2, 2, 4, 0, 0, 0, 0]",right,16
17,72,"[0, 0, 4, 8, 0, 0, 0, 16, 0, 0, 4, 4, 0, 0, 0, 2]",right,16
18,80,"[0, 0, 8, 8, 0, 0, 0, 16, 2, 0, 0, 4, 0, 0, 0, 2]",up,16
19,96,"[0, 2, 0, 16, 0, 0, 0, 16, 0, 0, 2, 4, 0, 0, 0, 2]",right,16
20,128,"[0, 2, 2, 32, 0, 0, 0, 4, 0, 0, 0, 2, 0, 0, 0, 2]",up,32
21,132,"[0, 2, 2, 32, 0, 0, 4, 4, 0, 0, 0, 4, 0, 0, 0, 0]",up,32
22,144,"[0, 0, 4, 32, 4, 0, 0, 8, 0, 0, 0, 4, 0, 0, 0, 0]",right,32
23,144,"[4, 0, 4, 32, 0, 0, 0, 8, 0, 0, 0, 4, 0, 2, 0, 0]",up,32
24,152,"[0, 0, 8, 32, 0, 0, 0, 8, 0, 0, 2, 4, 0, 0, 0, 2]",right,32
25,152,"[0, 0, 0, 32, 0, 0, 0, 8, 0, 0, 8, 4, 0, 2, 2, 2]",down,32
26,156,"[0, 0, 0, 32, 0, 0, 0, 8, 0, 0, 8, 4, 0, 2, 2, 4]",right,32
27,164,"[0, 2, 8, 32, 0, 0, 2, 8, 0, 2, 0, 8, 0, 0, 0, 0]",up,32
28,184,"[0, 4, 8, 32, 0, 0, 2, 16, 0, 0, 2, 0, 0, 0, 0, 0]",up,32
29,188,"[0, 4, 8, 32, 0, 2, 4, 16, 0, 0, 0, 0, 0, 0, 0, 0]",up,32
30,188,"[4, 8, 32, 0, 2, 4, 16, 0, 0, 0, 0, 2, 0, 0, 0, 0]",left,32
31,188,"[0, 0, 0, 0, 2, 0, 0, 0, 4, 8, 32, 0, 2, 4, 16, 2]",down,32
32,188,"[2, 8, 32, 2, 4, 4, 16, 0, 2, 0, 0, 2, 0, 0, 0, 0]",up,32
33,200,"[2, 8, 32, 2, 0, 0, 8, 16, 0, 2, 0, 4, 0, 0, 0, 0]",right,32
34,200,"[2, 8, 32, 2, 8, 16, 0, 0, 2, 4, 0, 0, 0, 2, 0, 0]",left,32
35,200,"[2, 8, 32, 2, 8, 16, 2, 0, 2, 4, 0, 0, 2, 0, 0, 0]",left,32
36,204,"[2, 8, 32, 2, 8, 16, 2, 0, 4, 4, 0, 2, 0, 0, 0, 0]",up,32
37,212,"[2, 8, 32, 2, 0, 8, 16, 2, 0, 2, 8, 2, 0, 0, 0, 0]",right,32
38,232,"[2, 16, 32, 4, 0, 2, 16, 2, 0, 2, 8, 0, 0, 0, 0, 0]",up,32
39,236,"[2, 16, 32, 4, 0, 4, 16, 2, 2, 0, 8, 0, 0, 0, 0, 0]",up,32
40,240,"[4, 16, 32, 4, 2, 4, 16, 2, 0, 0, 8, 0, 0, 0, 0, 0]",up,32
41,240,"[0, 0, 2, 0, 0, 0, 32, 0, 4, 16, 16, 4, 2, 4, 8, 2]",down,32
42,272,"[2, 0, 0, 2, 0, 0, 0, 32, 0, 4, 32, 4, 2, 4, 8, 2]",right,32
43,284,"[4, 8, 32, 2, 0, 0, 8, 32, 0, 0, 0, 4, 2, 0, 0, 2]",up,32
44,288,"[4, 8, 32, 2, 0, 0, 8, 32, 0, 0, 0, 4, 0, 2, 0, 4]",right,32
45,296,"[4, 8, 32, 2, 0, 2, 8, 32, 0, 2, 0, 8, 0, 0, 0, 0]",up,32
46,300,"[4, 8, 32, 2, 0, 4, 8, 32, 0, 0, 0, 8, 0, 0, 0, 2]",up,32
47,300,"[4, 8, 32, 2, 4, 8, 32, 0, 8, 0, 0, 0, 2, 0, 2, 0]",left,32
48,388,"[8, 16, 64, 2, 8, 2, 2, 0, 2, 0, 0, 0, 0, 0, 0, 0]",up,64
49,404,"[16, 16, 64, 2, 2, 2, 2, 0, 2, 0, 0, 0, 0, 0, 0, 0]",up,64
50,440,"[0, 32, 64, 2, 0, 0, 2, 4, 0, 0, 0, 2, 0, 0, 2, 0]",right,64
51,444,"[0, 32, 64, 2, 0, 2, 4, 4, 0, 0, 0, 2, 0, 0, 0, 0]",up,64
52,452,"[0, 32, 64, 2, 0, 0, 2, 8, 0, 0, 0, 2, 0, 2, 0, 0]",right,64
53,452,"[0, 32, 64, 2, 0, 2, 2, 8, 0, 2, 0, 2, 0, 0, 0, 0]",up,64
54,460,"[0, 32, 64, 2, 0, 2, 4, 8, 0, 0, 0, 4, 0, 0, 0, 0]",right,64
55,460,"[32, 64, 2, 0, 2, 4, 8, 0, 4, 0, 0, 0, 2, 0, 0, 0]",left,64
56,460,"[0, 32, 64, 2, 0, 2, 4, 8, 0, 2, 0, 4, 0, 0, 0, 2]",right,64
57,464,"[4, 32, 64, 2, 0, 4, 4, 8, 0, 0, 0, 4, 0, 0, 0, 2]",up,64
58,472,"[4, 32, 64, 2, 0, 0, 8, 8, 2, 0, 0, 4, 0, 0, 0, 2]",right,64
59,488,"[4, 32, 64, 2, 0, 0, 0, 16, 0, 0, 2, 4, 2, 0, 0, 2]",right,64
60,492,"[4, 32, 64, 2, 0, 0, 0, 16, 0, 0, 2, 4, 0, 0, 2, 4]",right,64
61,504,"[4, 32, 64, 2, 0, 2, 4, 16, 0, 0, 0, 8, 0, 0, 0, 0]",up,64
62,504,"[0, 0, 0, 0, 0, 0, 0, 2, 2, 32, 64, 16, 4, 2, 4, 8]",down,64
63,504,"[2, 32, 64, 2, 4, 2, 4, 16, 4, 0, 0, 8, 0, 0, 0, 0]",up,64
64,512,"[2, 32, 64, 2, 8, 2, 4, 16, 0, 0, 0, 8, 0, 0, 2, 0]",up,64
65,512,"[0, 0, 0, 0, 0, 2, 64, 2, 2, 32, 4, 16, 8, 2, 2, 8]",down,64
66,516,"[0, 0, 0, 0, 2, 2, 64, 2, 2, 32, 4, 16, 0, 8, 4, 8]",right,64
67,528,"[4, 2, 64, 2, 0, 32, 8, 16, 0, 8, 0, 8, 0, 0, 2, 0]",up,64
68,544,"[4, 2, 64, 2, 0, 32, 8, 16, 0, 0, 0, 16, 2, 0, 0, 2]",right,64
69,576,"[4, 2, 64, 2, 2, 32, 8, 32, 0, 0, 0, 2, 0, 0, 0, 2]",up,64
70,580,"[4, 2, 64, 2, 2, 32, 8, 32, 0, 0, 0, 4, 2, 0, 0, 0]",up,64
71,584,"[4, 2, 64, 2, 4, 32, 8, 32, 2, 0, 0, 4, 0, 0, 0, 0]",up,64
72,592,"[8, 2, 64, 2, 2, 32, 8, 32, 2, 0, 0, 4, 0, 0, 0, 0]",up,64
73,596,"[8, 2, 64, 2, 4, 32, 8, 32, 2, 0, 0, 4, 0, 0, 0, 0]",up,64
74,596,"[0, 0, 0, 0, 8, 0, 2, 2, 4, 2, 64, 32, 2, 32, 8, 4]",down,64
75,600,"[0, 0, 0, 0, 0, 4, 8, 4, 4, 2, 64, 32, 2, 32, 8, 4]",right,64
76,600,"[4, 4, 8, 4, 2, 2, 64, 32, 0, 32, 8, 4, 0, 2, 0, 0]",up,64
77,612,"[0, 8, 8, 4, 0, 4, 64, 32, 0, 32, 8, 4, 0, 2, 0, 2]",right,64
78,632,"[0, 0, 16, 4, 0, 4, 64, 32, 0, 32, 8, 4, 0, 4, 0, 4]",right,64
79,640,"[0, 4, 16, 4, 0, 32, 64, 32, 0, 4, 8, 8, 0, 4, 0, 0]",up,64
80,656,"[0, 4, 16, 4, 2, 32, 64, 32, 0, 0, 4, 16, 0, 0, 0, 4]",right,64
81,656,"[0, 0, 2, 4, 0, 0, 16, 32, 0, 4, 64, 16, 2, 32, 4, 4]",down,64
82,664,"[0, 0, 2, 4, 0, 2, 16, 32, 0, 4, 64, 16, 0, 2, 32, 8]",right,64
83,664,"[0, 2, 2, 4, 0, 4, 16, 32, 4, 2, 64, 16, 0, 0, 32, 8]",up,64
84,668,"[0, 0, 4, 4, 2, 4, 16, 32, 4, 2, 64, 16, 0, 0, 32, 8]",right,64
85,676,"[0, 0, 2, 8, 2, 4, 16, 32, 4, 2, 64, 16, 0, 0, 32, 8]",right,64
86,676,"[0, 0, 2, 8, 2, 0, 16, 32, 2, 4, 64, 16, 4, 2, 32, 8]",down,64
87,678,"[0, 0, 2, 8, 0, 2, 16, 32, 4, 4, 64, 16, 4, 2, 32, 8]",down,64
88,686,"[8, 2, 2, 8, 0, 4, 16, 32, 0, 2, 64, 16, 2, 0, 32, 8]",up,64
89,690,"[0, 8, 4, 8, 0, 4, 16, 32, 2, 2, 64, 16, 0, 2, 32, 8]",right,64
90,694,"[2, 8, 4, 8, 0, 4, 16, 32, 0, 4, 64, 16, 2, 0, 32, 8]",up,64
91,706,"[4, 8, 4, 8, 0, 8, 16, 32, 2, 0, 64, 16, 0, 0, 32, 8]",up,64
92,722,"[4, 16, 4, 8, 2, 0, 16, 32, 0, 2, 64, 16, 0, 0, 32, 8]",up,64
93,722,"[4, 16, 4, 8, 2, 16, 32, 0, 2, 64, 16, 2, 32, 8, 0, 0]",left,64
94,726,"[4, 16, 4, 8, 4, 16, 32, 2, 32, 64, 16, 0, 0, 8, 0, 4]",up,64
95,766,"[8, 32, 4, 8, 32, 64, 32, 2, 0, 8, 16, 4, 0, 0, 2, 0]",up,64
96,766,"[8, 32, 4, 8, 32, 64, 32, 2, 8, 16, 4, 0, 2, 0, 2, 0]",left,64
97,770,"[8, 32, 4, 8, 32, 64, 32, 2, 0, 8, 16, 4, 2, 0, 0, 4]",right,64
98,778,"[8, 32, 4, 8, 32, 64, 32, 2, 2, 8, 16, 8, 2, 0, 0, 0]",up,64
99,782,"[8, 32, 4, 8, 32, 64, 32, 2, 4, 8, 16, 8, 0, 2, 0, 0]",up,64
100,782,"[8, 32, 4, 8, 32, 64, 32, 2, 4, 8, 16, 8, 0, 0, 2, 2]",right,64
101,786,"[8, 32, 4, 8, 32, 64, 32, 2, 4, 8, 16, 8, 0, 2, 0, 4]",right,64
102,786,"[8, 32, 4, 8, 32, 64, 32, 2, 4, 8, 16, 8, 2, 4, 0, 2]",left,64
103,786,"[8, 32, 4, 8, 32, 64, 32, 2, 4, 8, 16, 8, 2, 4, 2, 2]",left,64
104,790,"[8, 32, 4, 8, 32, 64, 32, 2, 4, 8, 16, 8, 2, 2, 4, 4]",right,64
105,802,"[8, 32, 4, 8, 32, 64, 32, 2, 4, 8, 16, 8, 2, 0, 4, 8]",right,64
106,818,"[8, 32, 4, 8, 32, 64, 32, 2, 4, 8, 16, 16, 2, 0, 4, 2]",up,64
107,850,"[8, 32, 4, 8, 32, 64, 32, 2, 4, 4, 8, 32, 0, 2, 4, 2]",right,64
108,858,"[8, 32, 4, 8, 32, 64, 32, 2, 2, 8, 8, 32, 0, 2, 4, 2]",right,64
109,874,"[8, 32, 4, 8, 32, 64, 32, 2, 0, 2, 16, 32, 2, 2, 4, 2]",right,64
110,878,"[8, 32, 4, 8, 32, 64, 32, 2, 2, 4, 16, 32, 2, 0, 4, 2]",up,64
111,882,"[8, 32, 4, 8, 32, 64, 32, 2, 4, 4, 16, 32, 2, 0, 4, 2]",up,64
112,890,"[8, 32, 4, 8, 32, 64, 32, 2, 0, 8, 16, 32, 2, 2, 4, 2]",right,64
113,894,"[8, 32, 4, 8, 32, 64, 32, 2, 2, 8, 16, 32, 0, 4, 4, 2]",right,64
114,902,"[8, 32, 4, 8, 32, 64, 32, 2, 2, 8, 16, 32, 2, 0, 8, 2]",right,64
115,906,"[8, 32, 4, 8, 32, 64, 32, 2, 4, 8, 16, 32, 2, 0, 8, 2]",up,64
116,906,"[8, 32, 4, 8, 32, 64, 32, 2, 4, 8, 16, 32, 2, 2, 8, 2]",right,64
117,910,"[8, 32, 4, 8, 32, 64, 32, 2, 4, 8, 16, 32, 2, 4, 8, 2]",right,64
1,0,"[0, 0, 0, 2, 0, 0, 0, 0, 0, 0, 0, 0, 0, 0, 0, 2]",down,2
2,4,"[0, 2, 0, 4, 0, 0, 0, 0, 0, 0, 0, 0, 0, 0, 0, 0]",up,4
3,4,"[0, 0, 0, 0, 0, 0, 0, 0, 0, 0, 0, 0, 2, 2, 0, 4]",down,4
4,8,"[0, 0, 0, 2, 0, 0, 0, 0, 0, 0, 0, 0, 0, 0, 4, 4]",right,4
5,16,"[0, 0, 0, 2, 0, 0, 0, 0, 0, 0, 0, 2, 0, 0, 0, 8]",right,8
6,20,"[0, 0, 0, 4, 0, 0, 0, 8, 0, 2, 0, 0, 0, 0, 0, 0]",up,8
7,20,"[0, 0, 0, 4, 0, 0, 0, 8, 2, 0, 0, 2, 0, 0, 0, 0]",right,8
8,24,"[0, 0, 0, 4, 0, 0, 0, 8, 0, 0, 0, 4, 2, 0, 0, 0]",right,8
9,24,"[0, 2, 0, 4, 0, 0, 0, 8, 0, 0, 0, 4, 0, 0, 0, 2]",right,8
10,24,"[2, 0, 0, 4, 0, 0, 0, 8, 0, 0, 0, 4, 0, 2, 0, 2]",down,8
11,28,"[0, 0, 2, 4, 0, 0, 0, 8, 0, 0, 0, 4, 2, 0, 0, 4]",right,8
12,36,"[2, 0, 2, 4, 0, 0, 0, 8, 0, 0, 0, 8, 2, 0, 0, 0]",up,8
13,56,"[4, 0, 2, 4, 0, 0, 0, 16, 0, 0, 0, 0, 0, 0, 0, 2]",up,16
14,56,"[4, 2, 4, 0, 16, 2, 0, 0, 0, 0, 0, 0, 2, 0, 0, 0]",left,16
15,60,"[4, 4, 4, 0, 16, 0, 0, 0, 2, 0, 0, 4, 0, 0, 0, 0]",up,16
16,68,"[0, 0, 4, 8, 0, 0, 0, 16, 0, 2, 2, 4, 0, 0, 0, 0]",right,16
17,72,"[0, 0, 4, 8, 0, 0, 0, 16, 0, 0, 4, 4, 0, 0, 0, 2]",right,16
18,80,"[0, 0, 8, 8, 0, 0, 0, 16, 2, 0, 0, 4, 0, 0, 0, 2]",up,16
19,96,"[0, 2, 0, 16, 0, 0, 0, 16, 0, 0, 2, 4, 0, 0, 0, 2]",right,16
20,128,"[0, 2, 2, 32, 0, 0, 0, 4, 0, 0, 0, 2, 0, 0, 0, 2]",up,32
21,132,"[0, 2, 2, 32, 0, 0, 4, 4, 0, 0, 0, 4, 0, 0, 0, 0]",up,32
22,144,"[0, 0, 4, 32, 4, 0, 0, 8, 0, 0, 0, 4, 0, 0, 0, 0]",right,32
23,144,"[4, 0, 4, 32, 0, 0, 0, 8, 0, 0, 0, 4, 0, 2, 0, 0]",up,32
24,152,"[0, 0, 8, 32, 0, 0, 0, 8, 0, 0, 2, 4, 0, 0, 0, 2]",right,32
25,152,"[0, 0, 0, 32, 0, 0, 0, 8, 0, 0, 8, 4, 0, 2, 2, 2]",down,32
26,156,"[0, 0, 0, 32, 0, 0, 0, 8, 0, 0, 8, 4, 0, 2, 2, 4]",right,32
27,164,"[0, 2, 8, 32, 0, 0, 2, 8, 0, 2, 0, 8, 0, 0, 0, 0]",up,32
28,184,"[0, 4, 8, 32, 0, 0, 2, 16, 0, 0, 2, 0, 0, 0, 0, 0]",up,32
29,188,"[0, 4, 8, 32, 0, 2, 4, 16, 0, 0, 0, 0, 0, 0, 0, 0]",up,32
30,188,"[4, 8, 32, 0, 2, 4, 16, 0, 0, 0, 0, 2, 0, 0, 0, 0]",left,32
31,188,"[0, 0, 0, 0, 2, 0, 0, 0, 4, 8, 32, 0, 2, 4, 16, 2]",down,32
32,188,"[2, 8, 32, 2, 4, 4, 16, 0, 2, 0, 0, 2, 0, 0, 0, 0]",up,32
33,200,"[2, 8, 32, 2, 0, 0, 8, 16, 0, 2, 0, 4, 0, 0, 0, 0]",right,32
34,200,"[2, 8, 32, 2, 8, 16, 0, 0, 2, 4, 0, 0, 0, 2, 0, 0]",left,32
35,200,"[2, 8, 32, 2, 8, 16, 2, 0, 2, 4, 0, 0, 2, 0, 0, 0]",left,32
36,204,"[2, 8, 32, 2, 8, 16, 2, 0, 4, 4, 0, 2, 0, 0, 0, 0]",up,32
37,212,"[2, 8, 32, 2, 0, 8, 16, 2, 0, 2, 8, 2, 0, 0, 0, 0]",right,32
38,232,"[2, 16, 32, 4, 0, 2, 16, 2, 0, 2, 8, 0, 0, 0, 0, 0]",up,32
39,236,"[2, 16, 32, 4, 0, 4, 16, 2, 2, 0, 8, 0, 0, 0, 0, 0]",up,32
40,240,"[4, 16, 32, 4, 2, 4, 16, 2, 0, 0, 8, 0, 0, 0, 0, 0]",up,32
41,240,"[0, 0, 2, 0, 0, 0, 32, 0, 4, 16, 16, 4, 2, 4, 8, 2]",down,32
42,272,"[2, 0, 0, 2, 0, 0, 0, 32, 0, 4, 32, 4, 2, 4, 8, 2]",right,32
43,284,"[4, 8, 32, 2, 0, 0, 8, 32, 0, 0, 0, 4, 2, 0, 0, 2]",up,32
44,288,"[4, 8, 32, 2, 0, 0, 8, 32, 0, 0, 0, 4, 0, 2, 0, 4]",right,32
45,296,"[4, 8, 32, 2, 0, 2, 8, 32, 0, 2, 0, 8, 0, 0, 0, 0]",up,32
46,300,"[4, 8, 32, 2, 0, 4, 8, 32, 0, 0, 0, 8, 0, 0, 0, 2]",up,32
47,300,"[4, 8, 32, 2, 4, 8, 32, 0, 8, 0, 0, 0, 2, 0, 2, 0]",left,32
48,388,"[8, 16, 64, 2, 8, 2, 2, 0, 2, 0, 0, 0, 0, 0, 0, 0]",up,64
49,404,"[16, 16, 64, 2, 2, 2, 2, 0, 2, 0, 0, 0, 0, 0, 0, 0]",up,64
50,440,"[0, 32, 64, 2, 0, 0, 2, 4, 0, 0, 0, 2, 0, 0, 2, 0]",right,64
51,444,"[0, 32, 64, 2, 0, 2, 4, 4, 0, 0, 0, 2, 0, 0, 0, 0]",up,64
52,452,"[0, 32, 64, 2, 0, 0, 2, 8, 0, 0, 0, 2, 0, 2, 0, 0]",right,64
53,452,"[0, 32, 64, 2, 0, 2, 2, 8, 0, 2, 0, 2, 0, 0, 0, 0]",up,64
54,460,"[0, 32, 64, 2, 0, 2, 4, 8, 0, 0, 0, 4, 0, 0, 0, 0]",right,64
55,460,"[32, 64, 2, 0, 2, 4, 8, 0, 4, 0, 0, 0, 2, 0, 0, 0]",left,64
56,460,"[0, 32, 64, 2, 0, 2, 4, 8, 0, 2, 0, 4, 0, 0, 0, 2]",right,64
57,464,"[4, 32, 64, 2, 0, 4, 4, 8, 0, 0, 0, 4, 0, 0, 0, 2]",up,64
58,472,"[4, 32, 64, 2, 0, 0, 8, 8, 2, 0, 0, 4, 0, 0, 0, 2]",right,64
59,488,"[4, 32, 64, 2, 0, 0, 0, 16, 0, 0, 2, 4, 2, 0, 0, 2]",right,64
60,492,"[4, 32, 64, 2, 0, 0, 0, 16, 0, 0, 2, 4, 0, 0, 2, 4]",right,64
61,504,"[4, 32, 64, 2, 0, 2, 4, 16, 0, 0, 0, 8, 0, 0, 0, 0]",up,64
62,504,"[0, 0, 0, 0, 0, 0, 0, 2, 2, 32, 64, 16, 4, 2, 4, 8]",down,64
63,504,"[2, 32, 64, 2, 4, 2, 4, 16, 4, 0, 0, 8, 0, 0, 0, 0]",up,64
64,512,"[2, 32, 64, 2, 8, 2, 4, 16, 0, 0, 0, 8, 0, 0, 2, 0]",up,64
65,512,"[0, 0, 0, 0, 0, 2, 64, 2, 2, 32, 4, 16, 8, 2, 2, 8]",down,64
66,516,"[0, 0, 0, 0, 2, 2, 64, 2, 2, 32, 4, 16, 0, 8, 4, 8]",right,64
67,528,"[4, 2, 64, 2, 0, 32, 8, 16, 0, 8, 0, 8, 0, 0, 2, 0]",up,64
68,544,"[4, 2, 64, 2, 0, 32, 8, 16, 0, 0, 0, 16, 2, 0, 0, 2]",right,64
69,576,"[4, 2, 64, 2, 2, 32, 8, 32, 0, 0, 0, 2, 0, 0, 0, 2]",up,64
70,580,"[4, 2, 64, 2, 2, 32, 8, 32, 0, 0, 0, 4, 2, 0, 0, 0]",up,64
71,584,"[4, 2, 64, 2, 4, 32, 8, 32, 2, 0, 0, 4, 0, 0, 0, 0]",up,64
72,592,"[8, 2, 64, 2, 2, 32, 8, 32, 2, 0, 0, 4, 0, 0, 0, 0]",up,64
73,596,"[8, 2, 64, 2, 4, 32, 8, 32, 2, 0, 0, 4, 0, 0, 0, 0]",up,64
74,596,"[0, 0, 0, 0, 8, 0, 2, 2, 4, 2, 64, 32, 2, 32, 8, 4]",down,64
75,600,"[0, 0, 0, 0, 0, 4, 8, 4, 4, 2, 64, 32, 2, 32, 8, 4]",right,64
76,600,"[4, 4, 8, 4, 2, 2, 64, 32, 0, 32, 8, 4, 0, 2, 0, 0]",up,64
77,612,"[0, 8, 8, 4, 0, 4, 64, 32, 0, 32, 8, 4, 0, 2, 0, 2]",right,64
78,632,"[0, 0, 16, 4, 0, 4, 64, 32, 0, 32, 8, 4, 0, 4, 0, 4]",right,64
79,640,"[0, 4, 16, 4, 0, 32, 64, 32, 0, 4, 8, 8, 0, 4, 0, 0]",up,64
80,656,"[0, 4, 16, 4, 2, 32, 64, 32, 0, 0, 4, 16, 0, 0, 0, 4]",right,64
81,656,"[0, 0, 2, 4, 0, 0, 16, 32, 0, 4, 64, 16, 2, 32, 4, 4]",down,64
82,664,"[0, 0, 2, 4, 0, 2, 16, 32, 0, 4, 64, 16, 0, 2, 32, 8]",right,64
83,664,"[0, 2, 2, 4, 0, 4, 16, 32, 4, 2, 64, 16, 0, 0, 32, 8]",up,64
84,668,"[0, 0, 4, 4, 2, 4, 16, 32, 4, 2, 64, 16, 0, 0, 32, 8]",right,64
85,676,"[0, 0, 2, 8, 2, 4, 16, 32, 4, 2, 64, 16, 0, 0, 32, 8]",right,64
86,676,"[0, 0, 2, 8, 2, 0, 16, 32, 2, 4, 64, 16, 4, 2, 32, 8]",down,64
87,678,"[0, 0, 2, 8, 0, 2, 16, 32, 4, 4, 64, 16, 4, 2, 32, 8]",down,64
88,686,"[8, 2, 2, 8, 0, 4, 16, 32, 0, 2, 64, 16, 2, 0, 32, 8]",up,64
89,690,"[0, 8, 4, 8, 0, 4, 16, 32, 2, 2, 64, 16, 0, 2, 32, 8]",right,64
90,694,"[2, 8, 4, 8, 0, 4, 16, 32, 0, 4, 64, 16, 2, 0, 32, 8]",up,64
91,706,"[4, 8, 4, 8, 0, 8, 16, 32, 2, 0, 64, 16, 0, 0, 32, 8]",up,64
92,722,"[4, 16, 4, 8, 2, 0, 16, 32, 0, 2, 64, 16, 0, 0, 32, 8]",up,64
93,722,"[4, 16, 4, 8, 2, 16, 32, 0, 2, 64, 16, 2, 32, 8, 0, 0]",left,64
94,726,"[4, 16, 4, 8, 4, 16, 32, 2, 32, 64, 16, 0, 0, 8, 0, 4]",up,64
95,766,"[8, 32, 4, 8, 32, 64, 32, 2, 0, 8, 16, 4, 0, 0, 2, 0]",up,64
96,766,"[8, 32, 4, 8, 32, 64, 32, 2, 8, 16, 4, 0, 2, 0, 2, 0]",left,64
97,770,"[8, 32, 4, 8, 32, 64, 32, 2, 0, 8, 16, 4, 2, 0, 0, 4]",right,64
98,778,"[8, 32, 4, 8, 32, 64, 32, 2, 2, 8, 16, 8, 2, 0, 0, 0]",up,64
99,782,"[8, 32, 4, 8, 32, 64, 32, 2, 4, 8, 16, 8, 0, 2, 0, 0]",up,64
100,782,"[8, 32, 4, 8, 32, 64, 32, 2, 4, 8, 16, 8, 0, 0, 2, 2]",right,64
101,786,"[8, 32, 4, 8, 32, 64, 32, 2, 4, 8, 16, 8, 0, 2, 0, 4]",right,64
102,786,"[8, 32, 4, 8, 32, 64, 32, 2, 4, 8, 16, 8, 2, 4, 0, 2]",left,64
103,786,"[8, 32, 4, 8, 32, 64, 32, 2, 4, 8, 16, 8, 2, 4, 2, 2]",left,64
104,790,"[8, 32, 4, 8, 32, 64, 32, 2, 4, 8, 16, 8, 2, 2, 4, 4]",right,64
105,802,"[8, 32, 4, 8, 32, 64, 32, 2, 4, 8, 16, 8, 2, 0, 4, 8]",right,64
106,818,"[8, 32, 4, 8, 32, 64, 32, 2, 4, 8, 16, 16, 2, 0, 4, 2]",up,64
107,850,"[8, 32, 4, 8, 32, 64, 32, 2, 4, 4, 8, 32, 0, 2, 4, 2]",right,64
108,858,"[8, 32, 4, 8, 32, 64, 32, 2, 2, 8, 8, 32, 0, 2, 4, 2]",right,64
109,874,"[8, 32, 4, 8, 32, 64, 32, 2, 0, 2, 16, 32, 2, 2, 4, 2]",right,64
110,878,"[8, 32, 4, 8, 32, 64, 32, 2, 2, 4, 16, 32, 2, 0, 4, 2]",up,64
111,882,"[8, 32, 4, 8, 32, 64, 32, 2, 4, 4, 16, 32, 2, 0, 4, 2]",up,64
112,890,"[8, 32, 4, 8, 32, 64, 32, 2, 0, 8, 16, 32, 2, 2, 4, 2]",right,64
113,894,"[8, 32, 4, 8, 32, 64, 32, 2, 2, 8, 16, 32, 0, 4, 4, 2]",right,64
114,902,"[8, 32, 4, 8, 32, 64, 32, 2, 2, 8, 16, 32, 2, 0, 8, 2]",right,64
115,906,"[8, 32, 4, 8, 32, 64, 32, 2, 4, 8, 16, 32, 2, 0, 8, 2]",up,64
116,906,"[8, 32, 4, 8, 32, 64, 32, 2, 4, 8, 16, 32, 2, 2, 8, 2]",right,64
117,910,"[8, 32, 4, 8, 32, 64, 32, 2, 4, 8, 16, 32, 2, 4, 8, 2]",right,64
1,0,"[0, 0, 0, 2, 0, 0, 0, 0, 0, 0, 0, 0, 0, 0, 0, 2]",down,2
2,4,"[0, 2, 0, 4, 0, 0, 0, 0, 0, 0, 0, 0, 0, 0, 0, 0]",up,4
3,4,"[0, 0, 0, 0, 0, 0, 0, 0, 0, 0, 0, 0, 2, 2, 0, 4]",down,4
4,8,"[0, 0, 0, 2, 0, 0, 0, 0, 0, 0, 0, 0, 0, 0, 4, 4]",right,4
5,16,"[0, 0, 0, 2, 0, 0, 0, 0, 0, 0, 0, 2, 0, 0, 0, 8]",right,8
6,20,"[0, 0, 0, 4, 0, 0, 0, 8, 0, 2, 0, 0, 0, 0, 0, 0]",up,8
7,20,"[0, 0, 0, 4, 0, 0, 0, 8, 2, 0, 0, 2, 0, 0, 0, 0]",right,8
8,24,"[0, 0, 0, 4, 0, 0, 0, 8, 0, 0, 0, 4, 2, 0, 0, 0]",right,8
9,24,"[0, 2, 0, 4, 0, 0, 0, 8, 0, 0, 0, 4, 0, 0, 0, 2]",right,8
10,24,"[2, 0, 0, 4, 0, 0, 0, 8, 0, 0, 0, 4, 0, 2, 0, 2]",down,8
11,28,"[0, 0, 2, 4, 0, 0, 0, 8, 0, 0, 0, 4, 2, 0, 0, 4]",right,8
12,36,"[2, 0, 2, 4, 0, 0, 0, 8, 0, 0, 0, 8, 2, 0, 0, 0]",up,8
13,56,"[4, 0, 2, 4, 0, 0, 0, 16, 0, 0, 0, 0, 0, 0, 0, 2]",up,16
14,56,"[4, 2, 4, 0, 16, 2, 0, 0, 0, 0, 0, 0, 2, 0, 0, 0]",left,16
15,60,"[4, 4, 4, 0, 16, 0, 0, 0, 2, 0, 0, 4, 0, 0, 0, 0]",up,16
16,68,"[0, 0, 4, 8, 0, 0, 0, 16, 0, 2, 2, 4, 0, 0, 0, 0]",right,16
17,72,"[0, 0, 4, 8, 0, 0, 0, 16, 0, 0, 4, 4, 0, 0, 0, 2]",right,16
18,80,"[0, 0, 8, 8, 0, 0, 0, 16, 2, 0, 0, 4, 0, 0, 0, 2]",up,16
19,96,"[0, 2, 0, 16, 0, 0, 0, 16, 0, 0, 2, 4, 0, 0, 0, 2]",right,16
20,128,"[0, 2, 2, 32, 0, 0, 0, 4, 0, 0, 0, 2, 0, 0, 0, 2]",up,32
21,132,"[0, 2, 2, 32, 0, 0, 4, 4, 0, 0, 0, 4, 0, 0, 0, 0]",up,32
22,144,"[0, 0, 4, 32, 4, 0, 0, 8, 0, 0, 0, 4, 0, 0, 0, 0]",right,32
23,144,"[4, 0, 4, 32, 0, 0, 0, 8, 0, 0, 0, 4, 0, 2, 0, 0]",up,32
24,152,"[0, 0, 8, 32, 0, 0, 0, 8, 0, 0, 2, 4, 0, 0, 0, 2]",right,32
25,152,"[0, 0, 0, 32, 0, 0, 0, 8, 0, 0, 8, 4, 0, 2, 2, 2]",down,32
26,156,"[0, 0, 0, 32, 0, 0, 0, 8, 0, 0, 8, 4, 0, 2, 2, 4]",right,32
27,164,"[0, 2, 8, 32, 0, 0, 2, 8, 0, 2, 0, 8, 0, 0, 0, 0]",up,32
28,184,"[0, 4, 8, 32, 0, 0, 2, 16, 0, 0, 2, 0, 0, 0, 0, 0]",up,32
29,188,"[0, 4, 8, 32, 0, 2, 4, 16, 0, 0, 0, 0, 0, 0, 0, 0]",up,32
30,188,"[4, 8, 32, 0, 2, 4, 16, 0, 0, 0, 0, 2, 0, 0, 0, 0]",left,32
31,188,"[0, 0, 0, 0, 2, 0, 0, 0, 4, 8, 32, 0, 2, 4, 16, 2]",down,32
32,188,"[2, 8, 32, 2, 4, 4, 16, 0, 2, 0, 0, 2, 0, 0, 0, 0]",up,32
33,200,"[2, 8, 32, 2, 0, 0, 8, 16, 0, 2, 0, 4, 0, 0, 0, 0]",right,32
34,200,"[2, 8, 32, 2, 8, 16, 0, 0, 2, 4, 0, 0, 0, 2, 0, 0]",left,32
35,200,"[2, 8, 32, 2, 8, 16, 2, 0, 2, 4, 0, 0, 2, 0, 0, 0]",left,32
36,204,"[2, 8, 32, 2, 8, 16, 2, 0, 4, 4, 0, 2, 0, 0, 0, 0]",up,32
37,208,"[2, 8, 32, 4, 8, 16, 2, 0, 4, 4, 0, 2, 0, 0, 0, 0]",up,32
38,216,"[2, 8, 32, 4, 0, 8, 16, 2, 2, 0, 8, 2, 0, 0, 0, 0]",right,32
39,240,"[4, 16, 32, 4, 0, 2, 16, 4, 0, 0, 8, 0, 0, 0, 0, 0]",up,32
40,248,"[4, 16, 32, 8, 2, 2, 16, 0, 0, 0, 8, 0, 0, 0, 0, 0]",up,32
41,252,"[4, 16, 32, 8, 0, 0, 4, 16, 2, 0, 0, 8, 0, 0, 0, 0]",right,32
42,252,"[4, 16, 32, 8, 2, 2, 4, 16, 0, 0, 0, 8, 0, 0, 0, 0]",up,32
43,256,"[4, 16, 32, 8, 0, 4, 4, 16, 0, 0, 0, 8, 0, 2, 0, 0]",right,32
44,264,"[4, 16, 32, 8, 0, 0, 8, 16, 0, 0, 0, 8, 0, 2, 0, 2]",right,32
45,268,"[4, 16, 32, 8, 0, 0, 8, 16, 2, 0, 0, 8, 0, 0, 0, 4]",right,32
46,268,"[4, 16, 32, 8, 0, 0, 8, 16, 0, 2, 2, 8, 0, 0, 0, 4]",right,32
47,272,"[4, 16, 32, 8, 4, 0, 8, 16, 0, 0, 4, 8, 0, 0, 0, 4]",right,32
48,280,"[8, 16, 32, 8, 2, 0, 8, 16, 0, 0, 4, 8, 0, 0, 0, 4]",up,32
49,280,"[8, 16, 32, 8, 2, 8, 16, 0, 4, 8, 2, 0, 4, 0, 0, 0]",left,32
50,288,"[8, 16, 32, 8, 2, 8, 16, 0, 8, 8, 2, 0, 0, 2, 0, 0]",up,32
51,304,"[8, 16, 32, 8, 2, 16, 16, 0, 8, 2, 2, 0, 0, 0, 2, 0]",up,32
52,340,"[8, 32, 32, 8, 2, 2, 16, 0, 8, 2, 4, 0, 0, 0, 0, 0]",up,32
53,408,"[0, 8, 64, 8, 0, 2, 4, 16, 0, 8, 2, 4, 0, 0, 0, 0]",right,64
54,408,"[8, 64, 8, 0, 2, 4, 16, 0, 8, 2, 4, 2, 0, 0, 0, 0]",left,64
55,408,"[8, 64, 8, 2, 2, 4, 16, 0, 8, 2, 4, 0, 0, 0, 0, 2]",up,64
56,412,"[8, 64, 8, 4, 2, 4, 16, 0, 8, 2, 4, 2, 0, 0, 0, 0]",up,64
57,412,"[8, 64, 8, 4, 2, 4, 16, 2, 8, 2, 4, 0, 0, 0, 0, 2]",up,64
58,416,"[8, 64, 8, 4, 2, 4, 16, 4, 8, 2, 4, 0, 2, 0, 0, 0]",up,64
59,424,"[8, 64, 8, 8, 2, 4, 16, 0, 8, 2, 4, 0, 2, 0, 2, 0]",up,64
60,444,"[2, 8, 64, 16, 0, 2, 4, 16, 0, 8, 2, 4, 0, 0, 0, 4]",right,64
61,484,"[2, 8, 64, 32, 0, 2, 4, 8, 4, 8, 2, 0, 0, 0, 0, 0]",up,64
62,484,"[0, 0, 0, 2, 0, 8, 64, 0, 2, 2, 4, 32, 4, 8, 2, 8]",down,64
63,488,"[0, 2, 0, 2, 0, 0, 8, 64, 0, 4, 4, 32, 4, 8, 2, 8]",right,64
64,500,"[2, 0, 0, 4, 0, 0, 8, 64, 0, 0, 8, 32, 4, 8, 2, 8]",right,64
65,516,"[2, 8, 16, 4, 4, 0, 2, 64, 0, 0, 0, 32, 2, 0, 0, 8]",up,64
66,516,"[0, 0, 0, 4, 2, 0, 0, 64, 4, 2, 16, 32, 2, 8, 2, 8]",down,64
67,516,"[2, 2, 16, 4, 4, 8, 2, 64, 2, 0, 0, 32, 0, 4, 0, 8]",up,64
68,520,"[0, 4, 16, 4, 4, 8, 2, 64, 0, 0, 2, 32, 2, 0, 4, 8]",right,64
69,522,"[0, 0, 0, 4, 2, 0, 16, 64, 4, 4, 4, 32, 2, 8, 4, 8]",down,64
70,530,"[2, 4, 16, 4, 4, 8, 8, 64, 2, 2, 0, 32, 0, 0, 0, 8]",up,64
71,550,"[2, 4, 16, 4, 2, 4, 16, 64, 0, 0, 4, 32, 0, 0, 0, 8]",right,64
72,594,"[4, 8, 32, 4, 0, 2, 4, 64, 0, 0, 0, 32, 0, 0, 0, 8]",up,64
73,594,"[0, 0, 0, 4, 0, 0, 2, 64, 0, 8, 32, 32, 4, 2, 4, 8]",down,64
74,658,"[0, 0, 0, 4, 0, 0, 2, 64, 4, 0, 8, 64, 4, 2, 4, 8]",right,64
75,666,"[8, 2, 2, 4, 0, 0, 8, 64, 0, 0, 4, 64, 2, 0, 0, 8]",up,64
76,794,"[8, 2, 2, 4, 2, 0, 8, 128, 0, 0, 4, 8, 0, 0, 2, 0]",up,128
77,798,"[0, 8, 4, 4, 0, 2, 8, 128, 0, 0, 4, 8, 0, 0, 2, 2]",right,128
78,810,"[0, 4, 8, 8, 0, 2, 8, 128, 0, 0, 4, 8, 0, 0, 0, 4]",right,128
79,826,"[0, 4, 16, 8, 0, 2, 4, 128, 0, 2, 0, 8, 0, 0, 0, 4]",up,128
80,830,"[0, 4, 16, 8, 0, 4, 4, 128, 0, 2, 0, 8, 0, 0, 0, 4]",up,128
81,838,"[0, 8, 16, 8, 0, 2, 4, 128, 0, 0, 0, 8, 0, 2, 0, 4]",up,128
82,842,"[0, 8, 16, 8, 0, 4, 4, 128, 0, 2, 0, 8, 0, 0, 0, 4]",up,128
83,850,"[0, 8, 16, 8, 0, 0, 8, 128, 0, 4, 2, 8, 0, 0, 0, 4]",right,128
84,850,"[8, 16, 8, 2, 8, 128, 0, 0, 4, 2, 8, 0, 4, 0, 0, 0]",left,128
85,874,"[16, 16, 8, 2, 8, 128, 8, 0, 0, 2, 0, 0, 0, 0, 2, 0]",up,128
86,890,"[16, 16, 16, 2, 8, 128, 2, 0, 0, 2, 0, 0, 2, 0, 0, 0]",up,128
87,922,"[0, 16, 32, 2, 0, 8, 128, 2, 0, 0, 0, 2, 0, 2, 0, 2]",right,128
88,930,"[0, 16, 32, 4, 0, 8, 128, 4, 0, 2, 0, 0, 2, 0, 0, 0]",up,128
89,938,"[2, 16, 32, 8, 0, 8, 128, 0, 0, 2, 0, 2, 0, 0, 0, 0]",up,128
90,942,"[2, 16, 32, 8, 0, 0, 8, 128, 0, 0, 2, 4, 0, 0, 0, 0]",right,128
91,942,"[0, 0, 0, 0, 0, 0, 32, 8, 0, 2, 8, 128, 2, 16, 2, 4]",down,128
92,942,"[0, 2, 0, 0, 32, 8, 0, 0, 2, 8, 128, 0, 2, 16, 2, 4]",left,128
93,946,"[32, 2, 128, 4, 4, 8, 2, 0, 0, 8, 0, 4, 0, 16, 0, 0]",up,128
94,970,"[32, 2, 128, 8, 4, 16, 2, 0, 0, 16, 0, 0, 0, 0, 2, 0]",up,128
95,1006,"[32, 2, 128, 8, 4, 32, 4, 0, 0, 0, 0, 0, 4, 0, 0, 0]",up,128
96,1014,"[32, 2, 128, 8, 8, 32, 4, 0, 0, 0, 0, 0, 2, 0, 0, 0]",up,128
97,1014,"[0, 0, 0, 0, 32, 0, 0, 0, 8, 2, 128, 2, 2, 32, 4, 8]",down,128
98,1014,"[32, 2, 128, 2, 8, 32, 4, 8, 2, 0, 0, 2, 0, 0, 0, 0]",up,128
99,1018,"[32, 2, 128, 2, 8, 32, 4, 8, 2, 0, 0, 4, 0, 0, 0, 0]",right,128
100,1018,"[32, 2, 128, 2, 8, 32, 4, 8, 2, 4, 0, 0, 0, 2, 0, 0]",left,128
101,1018,"[32, 2, 128, 2, 8, 32, 4, 8, 2, 4, 0, 0, 2, 2, 0, 0]",left,128
102,1022,"[32, 2, 128, 2, 8, 32, 4, 8, 4, 4, 0, 0, 0, 2, 0, 2]",up,128
103,1034,"[32, 2, 128, 2, 8, 32, 4, 8, 0, 0, 2, 8, 0, 0, 0, 4]",right,128
104,1050,"[32, 2, 128, 2, 8, 32, 4, 16, 0, 2, 2, 4, 0, 0, 0, 0]",up,128
105,1054,"[32, 2, 128, 2, 8, 32, 4, 16, 0, 2, 4, 4, 0, 0, 0, 0]",right,128
106,1062,"[32, 2, 128, 2, 8, 32, 8, 16, 0, 2, 0, 4, 0, 0, 2, 0]",up,128
107,1062,"[0, 4, 0, 0, 0, 2, 128, 2, 32, 32, 8, 16, 8, 2, 2, 4]",down,128
108,1130,"[0, 0, 0, 4, 0, 2, 128, 2, 2, 64, 8, 16, 0, 8, 4, 4]",right,128
109,1138,"[0, 0, 2, 4, 0, 2, 128, 2, 2, 64, 8, 16, 0, 0, 8, 8]",right,128
110,1154,"[2, 2, 2, 4, 2, 64, 128, 2, 0, 0, 16, 16, 0, 0, 0, 8]",up,128
111,1190,"[0, 2, 4, 4, 2, 64, 128, 2, 0, 0, 2, 32, 0, 0, 0, 8]",right,128
112,1198,"[0, 0, 2, 8, 2, 64, 128, 2, 0, 0, 2, 32, 0, 2, 0, 8]",right,128
113,1198,"[2, 0, 2, 8, 2, 64, 128, 2, 0, 0, 2, 32, 0, 0, 2, 8]",right,128
114,1206,"[4, 64, 2, 8, 4, 0, 128, 2, 0, 0, 4, 32, 0, 0, 0, 8]",up,128
115,1214,"[8, 64, 2, 8, 0, 2, 128, 2, 0, 0, 4, 32, 0, 0, 0, 8]",up,128
116,1214,"[8, 64, 2, 8, 2, 128, 2, 0, 4, 32, 0, 0, 8, 0, 2, 0]",left,128
117,1218,"[8, 64, 4, 8, 2, 128, 2, 0, 4, 32, 4, 0, 8, 0, 0, 0]",up,128
118,1218,"[8, 0, 0, 2, 2, 64, 4, 0, 4, 128, 2, 0, 8, 32, 4, 8]",down,128
119,1218,"[8, 4, 0, 0, 2, 64, 4, 0, 4, 128, 2, 2, 8, 32, 4, 8]",down,128
120,1222,"[0, 0, 8, 4, 2, 2, 64, 4, 0, 4, 128, 4, 8, 32, 4, 8]",right,128
121,1230,"[2, 2, 8, 8, 8, 4, 64, 4, 0, 32, 128, 8, 0, 2, 4, 0]",up,128
122,1250,"[0, 0, 4, 16, 8, 4, 64, 4, 2, 32, 128, 8, 0, 0, 2, 4]",right,128
123,1250,"[8, 4, 4, 16, 2, 32, 64, 4, 0, 0, 128, 8, 2, 0, 2, 4]",up,128
124,1262,"[0, 8, 8, 16, 2, 32, 64, 4, 2, 0, 128, 8, 0, 0, 4, 4]",right,128
125,1286,"[0, 0, 16, 16, 2, 32, 64, 4, 2, 2, 128, 8, 0, 0, 0, 8]",right,128
126,1306,"[4, 32, 16, 16, 0, 2, 64, 4, 2, 0, 128, 16, 0, 0, 0, 0]",up,128
127,1338,"[0, 4, 32, 32, 0, 2, 64, 4, 0, 2, 128, 16, 0, 0, 2, 0]",right,128
128,1342,"[2, 4, 32, 32, 0, 4, 64, 4, 0, 0, 128, 16, 0, 0, 2, 0]",up,128
129,1350,"[2, 8, 32, 32, 0, 2, 64, 4, 0, 0, 128, 16, 0, 0, 2, 0]",up,128
130,1414,"[0, 2, 8, 64, 0, 2, 64, 4, 2, 0, 128, 16, 0, 0, 0, 2]",right,128
131,1418,"[2, 4, 8, 64, 0, 0, 64, 4, 2, 0, 128, 16, 0, 0, 0, 2]",up,128
132,1422,"[4, 4, 8, 64, 2, 0, 64, 4, 0, 0, 128, 16, 0, 0, 0, 2]",up,128
133,1430,"[2, 8, 8, 64, 0, 2, 64, 4, 0, 0, 128, 16, 0, 0, 0, 2]",right,128
134,1446,"[0, 2, 16, 64, 0, 2, 64, 4, 0, 0, 128, 16, 0, 0, 2, 2]",right,128
135,1450,"[0, 4, 16, 64, 0, 0, 64, 4, 0, 0, 128, 16, 0, 2, 2, 2]",up,128
136,1454,"[0, 4, 16, 64, 0, 0, 64, 4, 0, 2, 128, 16, 0, 0, 2, 4]",right,128
137,1454,"[4, 16, 64, 0, 64, 4, 2, 0, 2, 128, 16, 0, 2, 4, 0, 0]",left,128
138,1458,"[4, 16, 64, 0, 64, 4, 2, 0, 4, 128, 16, 0, 2, 4, 0, 0]",up,128
139,1458,"[4, 16, 0, 2, 64, 4, 64, 0, 4, 128, 2, 0, 2, 4, 16, 0]",down,128
140,1458,"[4, 16, 2, 0, 64, 4, 64, 2, 4, 128, 2, 0, 2, 4, 16, 0]",left,128
141,1458,"[4, 16, 2, 2, 64, 4, 64, 0, 4, 128, 2, 0, 2, 4, 16, 2]",down,128
142,1462,"[4, 16, 2, 4, 64, 4, 64, 0, 4, 128, 2, 2, 2, 4, 16, 0]",up,128
143,1466,"[4, 16, 2, 4, 0, 64, 4, 64, 0, 4, 128, 4, 2, 2, 4, 16]",right,128
144,1470,"[4, 16, 2, 4, 0, 64, 4, 64, 0, 4, 128, 4, 4, 4, 4, 16]",right,128
145,1486,"[8, 16, 2, 4, 0, 64, 4, 64, 0, 8, 128, 4, 2, 0, 4, 16]",up,128
146,1486,"[8, 16, 2, 4, 0, 64, 4, 64, 0, 8, 128, 4, 2, 2, 4, 16]",right,128
147,1490,"[8, 16, 2, 4, 0, 64, 4, 64, 0, 8, 128, 4, 4, 4, 4, 16]",right,128
148,1498,"[8, 16, 2, 4, 0, 64, 4, 64, 0, 8, 128, 4, 2, 4, 8, 16]",right,128
149,1498,"[8, 16, 2, 4, 64, 4, 64, 2, 8, 128, 4, 0, 2, 4, 8, 16]",left,128
150,1498,"[8, 16, 2, 4, 64, 4, 64, 2, 2, 8, 128, 4, 2, 4, 8, 16]",right,128
151,1502,"[8, 16, 2, 4, 64, 4, 64, 2, 4, 8, 128, 4, 2, 4, 8, 16]",up,128
1,0,"[0, 0, 2, 0, 0, 0, 0, 0, 0, 0, 0, 0, 0, 0, 0, 2]",down,2
2,0,"[0, 2, 2, 2, 0, 0, 0, 0, 0, 0, 0, 0, 0, 0, 0, 0]",up,2
3,4,"[4, 2, 0, 0, 0, 0, 0, 0, 0, 0, 0, 0, 0, 0, 2, 0]",left,4
4,4,"[0, 0, 0, 0, 0, 0, 2, 0, 0, 0, 0, 0, 4, 2, 2, 0]",down,4
5,8,"[0, 0, 0, 0, 0, 0, 0, 2, 2, 0, 0, 0, 0, 0, 4, 4]",right,4
6,16,"[0, 0, 0, 0, 0, 0, 0, 2, 4, 0, 0, 2, 0, 0, 0, 8]",right,8
7,20,"[4, 0, 0, 4, 0, 0, 0, 8, 0, 2, 0, 0, 0, 0, 0, 0]",up,8
8,28,"[0, 0, 0, 8, 2, 0, 0, 8, 0, 0, 0, 2, 0, 0, 0, 0]",right,8
9,36,"[0, 0, 0, 0, 0, 0, 0, 0, 2, 0, 0, 16, 2, 0, 0, 2]",down,16
10,40,"[0, 0, 0, 0, 0, 0, 2, 0, 0, 0, 2, 16, 0, 0, 0, 4]",right,16
11,42,"[0, 2, 0, 0, 0, 0, 0, 0, 0, 0, 0, 16, 0, 0, 4, 4]",down,16
12,50,"[0, 0, 0, 2, 0, 0, 0, 0, 0, 0, 2, 16, 0, 0, 0, 8]",right,16
13,50,"[0, 0, 2, 2, 0, 0, 0, 16, 0, 0, 0, 8, 0, 0, 2, 0]",up,16
14,54,"[4, 0, 0, 0, 16, 2, 0, 0, 8, 0, 0, 0, 2, 0, 0, 0]",left,16
15,54,"[4, 0, 0, 0, 16, 0, 0, 0, 8, 0, 0, 0, 2, 2, 0, 2]",down,16
16,58,"[4, 0, 0, 0, 16, 0, 0, 0, 8, 0, 0, 0, 4, 2, 2, 0]",left,16
17,62,"[4, 0, 0, 0, 16, 0, 0, 0, 8, 0, 0, 2, 4, 4, 0, 0]",left,16
18,70,"[0, 0, 0, 4, 2, 0, 0, 16, 0, 0, 8, 2, 0, 0, 0, 8]",right,16
19,70,"[0, 0, 0, 4, 0, 0, 2, 16, 0, 0, 8, 2, 0, 0, 2, 8]",right,16
20,70,"[4, 0, 0, 0, 2, 16, 0, 0, 8, 2, 0, 0, 2, 8, 0, 2]",left,16
21,70,"[4, 0, 0, 2, 2, 16, 0, 0, 8, 2, 0, 0, 2, 8, 2, 0]",left,16
22,70,"[4, 16, 2, 2, 2, 2, 0, 0, 8, 8, 0, 0, 2, 2, 0, 0]",up,16
23,98,"[0, 4, 16, 4, 0, 0, 0, 4, 0, 0, 0, 16, 2, 0, 0, 4]",right,16
24,106,"[2, 4, 16, 8, 0, 0, 0, 16, 0, 2, 0, 4, 0, 0, 0, 0]",up,16
25,106,"[2, 4, 16, 8, 16, 0, 0, 0, 2, 4, 0, 0, 0, 0, 0, 2]",left,16
26,114,"[2, 8, 16, 8, 16, 0, 0, 2, 2, 0, 0, 0, 0, 0, 0, 2]",up,16
27,118,"[2, 8, 16, 8, 16, 0, 0, 4, 2, 0, 0, 0, 2, 0, 0, 0]",up,16
28,122,"[2, 8, 16, 8, 16, 0, 0, 4, 4, 0, 0, 2, 0, 0, 0, 0]",up,16
29,122,"[0, 0, 0, 0, 2, 2, 0, 8, 16, 0, 0, 4, 4, 8, 16, 2]",down,16
30,126,"[0, 0, 0, 0, 2, 0, 4, 8, 0, 0, 16, 4, 4, 8, 16, 2]",right,16
31,142,"[0, 0, 0, 0, 0, 0, 2, 8, 2, 0, 4, 4, 4, 8, 32, 2]",down,32
32,150,"[0, 2, 0, 0, 0, 0, 2, 8, 0, 0, 2, 8, 4, 8, 32, 2]",right,32
33,170,"[4, 2, 4, 16, 0, 8, 32, 2, 0, 0, 2, 0, 0, 0, 0, 0]",up,32
34,170,"[4, 2, 4, 16, 8, 32, 2, 0, 2, 2, 0, 0, 0, 0, 0, 0]",left,32
35,174,"[4, 2, 4, 16, 0, 8, 32, 2, 0, 0, 0, 4, 0, 2, 0, 0]",right,32
36,174,"[4, 2, 4, 16, 0, 8, 32, 2, 2, 0, 0, 4, 0, 0, 0, 2]",right,32
37,174,"[4, 2, 4, 16, 0, 8, 32, 2, 0, 0, 2, 4, 0, 2, 0, 2]",right,32
38,178,"[4, 2, 4, 16, 0, 8, 32, 2, 0, 0, 2, 4, 2, 0, 0, 4]",right,32
39,186,"[4, 2, 4, 16, 2, 8, 32, 2, 0, 0, 2, 8, 2, 0, 0, 0]",up,32
40,190,"[4, 2, 4, 16, 4, 8, 32, 2, 2, 0, 2, 8, 0, 0, 0, 0]",up,32
41,194,"[4, 2, 4, 16, 4, 8, 32, 2, 4, 8, 0, 2, 0, 0, 0, 0]",left,32
42,198,"[0, 0, 0, 0, 0, 2, 2, 16, 4, 8, 4, 2, 8, 8, 32, 2]",down,32
43,218,"[2, 0, 0, 0, 0, 0, 4, 16, 4, 8, 4, 2, 0, 16, 32, 2]",right,32
44,230,"[2, 8, 8, 16, 4, 16, 32, 4, 0, 0, 2, 0, 0, 0, 0, 0]",up,32
45,246,"[0, 2, 16, 16, 4, 16, 32, 4, 2, 0, 0, 2, 0, 0, 0, 0]",right,32
46,282,"[0, 0, 2, 32, 4, 16, 32, 4, 0, 0, 0, 4, 2, 0, 0, 0]",right,32
47,290,"[4, 16, 2, 32, 2, 0, 32, 8, 0, 0, 0, 0, 0, 0, 2, 0]",up,32
48,290,"[4, 16, 2, 32, 2, 4, 32, 8, 0, 0, 2, 0, 0, 0, 0, 0]",up,32
49,290,"[0, 2, 0, 0, 0, 0, 2, 0, 4, 16, 32, 32, 2, 4, 2, 8]",down,32
50,354,"[0, 0, 0, 2, 2, 0, 0, 2, 0, 4, 16, 64, 2, 4, 2, 8]",right,64
51,366,"[4, 8, 16, 2, 0, 0, 2, 2, 0, 4, 0, 64, 0, 0, 0, 8]",up,64
52,368,"[0, 0, 0, 0, 0, 0, 0, 4, 2, 8, 16, 64, 4, 4, 2, 8]",down,64
53,376,"[0, 0, 0, 0, 4, 0, 0, 2, 2, 8, 16, 64, 8, 2, 8, 0]",left,64
54,376,"[4, 8, 16, 2, 2, 2, 8, 64, 8, 0, 0, 0, 0, 2, 0, 0]",up,64
55,378,"[0, 0, 0, 0, 4, 0, 2, 0, 2, 8, 16, 2, 8, 4, 8, 64]",down,64
56,378,"[0, 0, 0, 0, 0, 2, 4, 2, 2, 8, 16, 2, 8, 4, 8, 64]",right,64
57,380,"[0, 0, 0, 0, 2, 2, 4, 0, 2, 8, 16, 4, 8, 4, 8, 64]",down,64
58,384,"[0, 0, 0, 2, 4, 4, 0, 0, 2, 8, 16, 4, 8, 4, 8, 64]",left,64
59,392,"[2, 0, 2, 0, 8, 0, 0, 0, 2, 8, 16, 4, 8, 4, 8, 64]",left,64
60,396,"[2, 0, 0, 4, 0, 0, 0, 8, 2, 8, 16, 4, 8, 4, 8, 64]",right,64
61,400,"[4, 8, 16, 4, 8, 4, 8, 8, 0, 0, 0, 4, 0, 0, 2, 64]",up,64
62,416,"[4, 8, 16, 4, 8, 4, 16, 0, 4, 0, 0, 0, 2, 64, 0, 2]",left,64
63,432,"[4, 0, 0, 0, 8, 8, 0, 2, 4, 4, 0, 4, 2, 64, 32, 2]",down,64
64,456,"[4, 0, 0, 0, 16, 2, 0, 2, 8, 4, 0, 0, 2, 64, 32, 2]",left,64
65,460,"[4, 0, 0, 0, 16, 4, 0, 2, 8, 4, 0, 0, 2, 64, 32, 2]",left,64
66,472,"[4, 8, 32, 4, 16, 64, 2, 0, 8, 0, 0, 0, 2, 0, 0, 0]",up,64
67,472,"[4, 8, 32, 4, 2, 16, 64, 2, 0, 0, 0, 8, 0, 0, 0, 2]",right,64
68,472,"[4, 8, 32, 4, 2, 16, 64, 2, 8, 0, 2, 0, 2, 0, 0, 0]",left,64
69,472,"[4, 0, 0, 0, 2, 0, 32, 2, 8, 8, 64, 4, 2, 16, 2, 2]",down,64
70,492,"[0, 0, 0, 4, 0, 2, 32, 2, 0, 16, 64, 4, 2, 2, 16, 4]",right,64
71,496,"[4, 0, 0, 0, 2, 32, 2, 0, 16, 64, 4, 0, 4, 16, 4, 2]",left,64
72,500,"[4, 0, 0, 0, 2, 32, 0, 0, 16, 64, 2, 2, 4, 16, 8, 2]",down,64
73,502,"[4, 0, 0, 0, 2, 32, 2, 0, 16, 64, 2, 0, 4, 16, 8, 4]",down,64
74,504,"[4, 0, 0, 0, 2, 32, 0, 2, 16, 64, 4, 0, 4, 16, 8, 4]",down,64
75,504,"[4, 0, 0, 2, 2, 32, 0, 0, 16, 64, 4, 2, 4, 16, 8, 4]",down,64
76,506,"[4, 0, 0, 0, 2, 32, 0, 2, 16, 64, 4, 4, 4, 16, 8, 4]",down,64
77,514,"[4, 0, 0, 0, 2, 32, 2, 2, 16, 64, 8, 0, 4, 16, 8, 4]",left,64
78,518,"[0, 0, 0, 4, 0, 2, 32, 4, 2, 16, 64, 8, 4, 16, 8, 4]",right,64
79,558,"[2, 2, 32, 8, 4, 32, 64, 8, 0, 0, 8, 4, 2, 0, 0, 0]",up,64
80,574,"[2, 2, 32, 16, 4, 32, 64, 4, 2, 0, 8, 0, 0, 2, 0, 0]",up,64
81,578,"[4, 4, 32, 16, 4, 32, 64, 4, 0, 0, 2, 8, 0, 0, 0, 2]",right,64
82,586,"[8, 32, 16, 0, 4, 32, 64, 4, 2, 8, 0, 2, 2, 0, 0, 0]",left,64
83,620,"[0, 0, 2, 0, 8, 0, 0, 0, 4, 64, 16, 4, 4, 8, 64, 2]",down,64
84,628,"[8, 64, 2, 4, 8, 8, 16, 2, 0, 0, 64, 2, 0, 0, 0, 0]",up,64
85,648,"[16, 64, 2, 4, 0, 8, 16, 4, 0, 0, 64, 0, 0, 0, 0, 2]",up,64
86,656,"[16, 64, 2, 8, 0, 8, 16, 2, 0, 0, 64, 2, 0, 0, 0, 0]",up,64
87,658,"[0, 2, 0, 0, 0, 0, 2, 0, 0, 64, 16, 8, 16, 8, 64, 4]",down,64
88,658,"[2, 0, 0, 2, 0, 0, 0, 2, 0, 64, 16, 8, 16, 8, 64, 4]",right,64
89,662,"[2, 0, 0, 4, 0, 0, 0, 2, 0, 64, 16, 8, 16, 8, 64, 4]",right,64
90,662,"[2, 64, 16, 4, 16, 8, 64, 2, 0, 0, 0, 8, 0, 2, 0, 4]",up,64
91,662,"[2, 64, 16, 4, 16, 8, 64, 2, 8, 2, 0, 0, 2, 4, 0, 0]",left,64
92,662,"[2, 64, 16, 4, 16, 8, 64, 2, 0, 0, 8, 2, 0, 2, 2, 4]",right,64
93,664,"[0, 4, 16, 0, 0, 64, 64, 4, 2, 8, 8, 4, 16, 2, 2, 4]",down,64
94,812,"[0, 0, 4, 16, 0, 0, 128, 4, 0, 2, 16, 4, 2, 16, 4, 4]",right,128
95,820,"[4, 16, 2, 0, 128, 4, 0, 0, 2, 16, 4, 0, 2, 16, 8, 0]",left,128
96,856,"[4, 16, 2, 0, 128, 4, 4, 0, 4, 32, 8, 0, 0, 0, 2, 0]",up,128
97,864,"[4, 16, 2, 0, 128, 8, 0, 0, 4, 32, 8, 0, 2, 0, 0, 2]",left,128
98,868,"[4, 16, 2, 0, 128, 8, 0, 0, 4, 32, 8, 0, 4, 2, 0, 0]",left,128
99,876,"[4, 16, 2, 0, 128, 8, 8, 0, 8, 32, 2, 0, 0, 2, 0, 0]",up,128
100,892,"[2, 4, 16, 2, 0, 0, 128, 16, 0, 8, 32, 2, 0, 0, 0, 2]",right,128
101,896,"[2, 4, 16, 2, 0, 8, 128, 16, 0, 0, 32, 4, 0, 0, 4, 0]",up,128
102,896,"[2, 4, 16, 2, 8, 128, 16, 0, 32, 4, 0, 0, 4, 2, 0, 0]",left,128
103,928,"[2, 4, 32, 2, 8, 128, 0, 0, 32, 4, 2, 0, 4, 2, 0, 0]",up,128
104,928,"[2, 4, 32, 2, 8, 128, 2, 0, 32, 4, 0, 0, 4, 2, 2, 0]",up,128
105,932,"[2, 4, 32, 2, 8, 128, 4, 0, 32, 4, 0, 0, 4, 2, 0, 2]",up,128
106,936,"[2, 4, 32, 4, 8, 128, 4, 0, 32, 4, 0, 2, 4, 2, 0, 0]",up,128
107,936,"[2, 4, 32, 4, 8, 128, 4, 0, 32, 4, 2, 2, 4, 2, 0, 0]",left,128
108,940,"[2, 4, 32, 4, 8, 128, 4, 2, 32, 4, 4, 0, 4, 2, 0, 0]",left,128
109,944,"[2, 4, 0, 2, 8, 128, 0, 0, 32, 4, 32, 4, 4, 2, 8, 2]",down,128
110,944,"[2, 4, 2, 0, 8, 128, 2, 0, 32, 4, 32, 4, 4, 2, 8, 2]",left,128
111,946,"[2, 4, 4, 0, 8, 128, 4, 0, 32, 4, 32, 4, 4, 2, 8, 2]",down,128
112,954,"[2, 4, 8, 4, 8, 128, 32, 2, 32, 4, 8, 2, 4, 2, 0, 0]",up,128
113,958,"[2, 4, 8, 4, 8, 128, 32, 4, 32, 4, 8, 0, 4, 2, 2, 0]",up,128
114,962,"[2, 4, 8, 4, 8, 128, 32, 4, 2, 32, 4, 8, 0, 0, 4, 4]",right,128
115,978,"[2, 4, 8, 8, 8, 128, 32, 8, 2, 32, 8, 4, 0, 0, 0, 2]",up,128
116,994,"[0, 2, 4, 16, 8, 128, 32, 8, 2, 32, 8, 4, 0, 2, 0, 2]",right,128
117,998,"[0, 2, 4, 16, 8, 128, 32, 8, 2, 32, 8, 4, 0, 4, 0, 4]",right,128
118,1006,"[0, 2, 4, 16, 8, 128, 32, 8, 2, 32, 8, 4, 0, 2, 0, 8]",right,128
119,1006,"[0, 2, 2, 16, 0, 128, 4, 8, 8, 32, 32, 4, 2, 2, 8, 8]",down,128
120,1094,"[0, 2, 4, 16, 0, 128, 4, 8, 0, 8, 64, 4, 0, 0, 4, 16]",right,128
121,1098,"[0, 0, 0, 16, 0, 2, 8, 8, 0, 128, 64, 4, 2, 8, 4, 16]",down,128
122,1114,"[0, 4, 0, 16, 0, 0, 2, 16, 0, 128, 64, 4, 2, 8, 4, 16]",right,128
123,1130,"[0, 2, 0, 0, 0, 4, 2, 32, 0, 128, 64, 4, 2, 8, 4, 16]",down,128
124,1130,"[0, 0, 0, 2, 2, 4, 2, 32, 0, 128, 64, 4, 2, 8, 4, 16]",right,128
125,1132,"[0, 0, 0, 2, 2, 4, 2, 32, 0, 128, 64, 4, 4, 8, 4, 16]",down,128
126,1132,"[2, 4, 2, 2, 4, 128, 64, 32, 0, 8, 4, 4, 0, 2, 0, 16]",up,128
127,1144,"[0, 2, 4, 4, 4, 128, 64, 32, 0, 2, 8, 8, 0, 0, 2, 16]",right,128
128,1168,"[2, 8, 0, 0, 4, 128, 64, 32, 2, 16, 0, 0, 2, 16, 2, 0]",left,128
129,1204,"[2, 8, 64, 32, 4, 128, 2, 2, 4, 32, 0, 0, 0, 0, 0, 0]",up,128
130,1208,"[2, 8, 64, 32, 0, 4, 128, 4, 0, 0, 4, 32, 0, 2, 0, 0]",right,128
131,1208,"[2, 8, 64, 32, 0, 4, 128, 4, 0, 0, 4, 32, 0, 4, 0, 2]",right,128
132,1216,"[2, 8, 64, 32, 0, 8, 128, 4, 0, 2, 4, 32, 0, 0, 0, 2]",up,128
133,1232,"[2, 16, 64, 32, 0, 2, 128, 4, 0, 0, 4, 32, 0, 2, 0, 2]",up,128
134,1236,"[2, 16, 64, 32, 2, 128, 4, 2, 4, 32, 0, 0, 4, 0, 0, 0]",left,128
135,1248,"[4, 16, 64, 32, 8, 128, 4, 2, 0, 32, 0, 0, 2, 0, 0, 0]",up,128
136,1248,"[0, 0, 0, 2, 4, 16, 0, 0, 8, 128, 64, 32, 2, 32, 4, 2]",down,128
137,1248,"[2, 0, 0, 2, 4, 16, 0, 0, 8, 128, 64, 32, 2, 32, 4, 2]",left,128
138,1252,"[2, 0, 0, 4, 0, 0, 4, 16, 8, 128, 64, 32, 2, 32, 4, 2]",right,128
139,1252,"[2, 4, 2, 0, 4, 16, 0, 0, 8, 128, 64, 32, 2, 32, 4, 2]",left,128
140,1252,"[2, 4, 2, 32, 4, 16, 64, 2, 8, 128, 4, 0, 2, 32, 0, 2]",up,128
141,1254,"[2, 4, 0, 2, 4, 16, 2, 0, 8, 128, 64, 32, 2, 32, 4, 4]",down,128
142,1262,"[2, 4, 2, 0, 4, 16, 2, 2, 8, 128, 64, 32, 2, 32, 8, 0]",left,128
143,1266,"[2, 4, 2, 2, 4, 16, 4, 0, 8, 128, 64, 32, 2, 32, 8, 0]",left,128
144,1270,"[0, 2, 4, 4, 0, 4, 16, 4, 8, 128, 64, 32, 2, 2, 32, 8]",right,128
145,1282,"[0, 0, 2, 8, 2, 4, 16, 4, 8, 128, 64, 32, 0, 4, 32, 8]",right,128
146,1282,"[0, 2, 2, 8, 0, 4, 16, 4, 2, 128, 64, 32, 8, 4, 32, 8]",down,128
147,1286,"[4, 8, 0, 2, 4, 16, 4, 0, 2, 128, 64, 32, 8, 4, 32, 8]",left,128
148,1290,"[4, 8, 0, 0, 8, 16, 4, 2, 2, 128, 64, 32, 8, 4, 32, 8]",down,128
149,1290,"[4, 8, 4, 2, 8, 16, 64, 32, 2, 128, 32, 8, 8, 4, 0, 4]",up,128
150,1298,"[4, 8, 4, 2, 8, 16, 64, 32, 2, 128, 32, 8, 0, 2, 8, 8]",right,128
151,1314,"[4, 8, 4, 2, 8, 16, 64, 32, 2, 128, 32, 8, 2, 0, 2, 16]",right,128
152,1316,"[2, 0, 4, 2, 4, 8, 64, 32, 8, 16, 32, 8, 4, 128, 2, 16]",down,128
153,1316,"[2, 8, 4, 2, 4, 16, 64, 32, 8, 128, 32, 8, 4, 2, 2, 16]",up,128
154,1320,"[2, 8, 4, 2, 4, 16, 64, 32, 8, 128, 32, 8, 2, 4, 4, 16]",right,128
155,1328,"[2, 8, 4, 2, 4, 16, 64, 32, 8, 128, 32, 8, 2, 2, 8, 16]",right,128
156,1332,"[2, 8, 4, 2, 4, 16, 64, 32, 8, 128, 32, 8, 4, 8, 16, 2]",left,128
1,0,"[0, 0, 2, 0, 0, 0, 0, 0, 0, 0, 0, 0, 0, 0, 0, 2]",down,2
2,0,"[0, 2, 2, 2, 0, 0, 0, 0, 0, 0, 0, 0, 0, 0, 0, 0]",up,2
3,4,"[4, 2, 0, 0, 0, 0, 0, 0, 0, 0, 0, 0, 0, 0, 2, 0]",left,4
4,4,"[0, 0, 0, 0, 0, 0, 2, 0, 0, 0, 0, 0, 4, 2, 2, 0]",down,4
5,8,"[0, 0, 0, 0, 0, 0, 0, 2, 2, 0, 0, 0, 0, 0, 4, 4]",right,4
6,16,"[0, 0, 0, 0, 0, 0, 0, 2, 4, 0, 0, 2, 0, 0, 0, 8]",right,8
7,20,"[4, 0, 0, 4, 0, 0, 0, 8, 0, 2, 0, 0, 0, 0, 0, 0]",up,8
8,28,"[0, 0, 0, 8, 2, 0, 0, 8, 0, 0, 0, 2, 0, 0, 0, 0]",right,8
9,36,"[0, 0, 0, 0, 0, 0, 0, 0, 2, 0, 0, 16, 2, 0, 0, 2]",down,16
10,40,"[0, 0, 0, 0, 0, 0, 2, 0, 0, 0, 2, 16, 0, 0, 0, 4]",right,16
11,42,"[0, 2, 0, 0, 0, 0, 0, 0, 0, 0, 0, 16, 0, 0, 4, 4]",down,16
12,50,"[0, 0, 0, 2, 0, 0, 0, 0, 0, 0, 2, 16, 0, 0, 0, 8]",right,16
13,50,"[0, 0, 2, 2, 0, 0, 0, 16, 0, 0, 0, 8, 0, 0, 2, 0]",up,16
14,54,"[4, 0, 0, 0, 16, 2, 0, 0, 8, 0, 0, 0, 2, 0, 0, 0]",left,16
15,54,"[4, 0, 0, 0, 16, 0, 0, 0, 8, 0, 0, 0, 2, 2, 0, 2]",down,16
16,58,"[4, 0, 0, 0, 16, 0, 0, 0, 8, 0, 0, 0, 4, 2, 2, 0]",left,16
17,62,"[4, 0, 0, 0, 16, 0, 0, 0, 8, 0, 0, 2, 4, 4, 0, 0]",left,16
18,70,"[0, 0, 0, 4, 2, 0, 0, 16, 0, 0, 8, 2, 0, 0, 0, 8]",right,16
19,70,"[0, 0, 0, 4, 0, 0, 2, 16, 0, 0, 8, 2, 0, 0, 2, 8]",right,16
20,70,"[4, 0, 0, 0, 2, 16, 0, 0, 8, 2, 0, 0, 2, 8, 0, 2]",left,16
21,70,"[4, 0, 0, 2, 2, 16, 0, 0, 8, 2, 0, 0, 2, 8, 2, 0]",left,16
22,70,"[4, 16, 2, 2, 2, 2, 0, 0, 8, 8, 0, 0, 2, 2, 0, 0]",up,16
23,98,"[0, 4, 16, 4, 0, 0, 0, 4, 0, 0, 0, 16, 2, 0, 0, 4]",right,16
24,106,"[2, 4, 16, 8, 0, 0, 0, 16, 0, 2, 0, 4, 0, 0, 0, 0]",up,16
25,106,"[2, 4, 16, 8, 16, 0, 0, 0, 2, 4, 0, 0, 0, 0, 0, 2]",left,16
26,114,"[2, 8, 16, 8, 16, 0, 0, 2, 2, 0, 0, 0, 0, 0, 0, 2]",up,16
27,118,"[2, 8, 16, 8, 16, 0, 0, 4, 2, 0, 0, 0, 2, 0, 0, 0]",up,16
28,122,"[2, 8, 16, 8, 16, 0, 0, 4, 4, 0, 0, 2, 0, 0, 0, 0]",up,16
29,122,"[0, 0, 0, 0, 2, 2, 0, 8, 16, 0, 0, 4, 4, 8, 16, 2]",down,16
30,126,"[0, 0, 0, 0, 2, 0, 4, 8, 0, 0, 16, 4, 4, 8, 16, 2]",right,16
31,142,"[0, 0, 0, 0, 0, 0, 2, 8, 2, 0, 4, 4, 4, 8, 32, 2]",down,32
32,150,"[0, 2, 0, 0, 0, 0, 2, 8, 0, 0, 2, 8, 4, 8, 32, 2]",right,32
33,170,"[4, 2, 4, 16, 0, 8, 32, 2, 0, 0, 2, 0, 0, 0, 0, 0]",up,32
34,170,"[4, 2, 4, 16, 8, 32, 2, 0, 2, 2, 0, 0, 0, 0, 0, 0]",left,32
35,174,"[4, 2, 4, 16, 0, 8, 32, 2, 0, 0, 0, 4, 0, 2, 0, 0]",right,32
36,174,"[4, 2, 4, 16, 0, 8, 32, 2, 2, 0, 0, 4, 0, 0, 0, 2]",right,32
37,174,"[4, 2, 4, 16, 0, 8, 32, 2, 0, 0, 2, 4, 0, 2, 0, 2]",right,32
38,178,"[4, 2, 4, 16, 0, 8, 32, 2, 0, 0, 2, 4, 2, 0, 0, 4]",right,32
39,186,"[4, 2, 4, 16, 2, 8, 32, 2, 0, 0, 2, 8, 2, 0, 0, 0]",up,32
40,190,"[4, 2, 4, 16, 4, 8, 32, 2, 2, 0, 2, 8, 0, 0, 0, 0]",up,32
41,194,"[4, 2, 4, 16, 4, 8, 32, 2, 4, 8, 0, 2, 0, 0, 0, 0]",left,32
42,208,"[0, 0, 4, 0, 0, 0, 0, 0, 4, 2, 4, 16, 8, 16, 32, 4]",down,32
43,216,"[4, 2, 8, 16, 8, 16, 32, 4, 0, 0, 0, 2, 0, 0, 0, 0]",up,32
44,216,"[0, 0, 2, 0, 0, 0, 0, 16, 4, 2, 8, 4, 8, 16, 32, 2]",down,32
45,216,"[4, 2, 2, 16, 8, 16, 8, 4, 0, 0, 32, 2, 0, 0, 0, 2]",up,32
46,220,"[4, 4, 16, 0, 8, 16, 8, 4, 32, 2, 0, 2, 2, 0, 0, 0]",left,32
47,232,"[8, 16, 0, 0, 8, 16, 8, 4, 32, 4, 0, 0, 2, 0, 2, 0]",left,32
48,280,"[16, 32, 8, 4, 32, 4, 2, 4, 2, 0, 0, 0, 0, 0, 0, 0]",up,32
49,288,"[16, 32, 8, 8, 32, 4, 2, 0, 2, 0, 2, 0, 0, 0, 0, 0]",up,32
50,308,"[0, 16, 32, 16, 0, 32, 4, 2, 0, 0, 0, 4, 0, 2, 0, 0]",right,32
51,308,"[0, 16, 32, 16, 2, 32, 4, 2, 0, 2, 0, 4, 0, 0, 0, 0]",up,32
52,308,"[0, 0, 0, 2, 0, 16, 0, 16, 0, 32, 32, 2, 2, 2, 4, 4]",down,32
53,416,"[2, 0, 0, 0, 32, 0, 0, 0, 64, 2, 2, 0, 4, 8, 0, 0]",left,64
54,420,"[2, 0, 0, 0, 32, 0, 0, 0, 64, 4, 0, 0, 4, 8, 0, 2]",left,64
55,420,"[0, 0, 2, 2, 0, 0, 0, 32, 0, 0, 64, 4, 0, 4, 8, 2]",right,64
56,424,"[4, 0, 0, 0, 32, 0, 0, 0, 64, 4, 0, 4, 4, 8, 2, 0]",left,64
57,432,"[0, 0, 0, 4, 0, 0, 2, 32, 0, 0, 64, 8, 0, 4, 8, 2]",right,64
58,432,"[2, 4, 2, 4, 0, 0, 64, 32, 0, 0, 8, 8, 0, 0, 0, 2]",up,64
59,448,"[2, 4, 2, 4, 64, 32, 0, 0, 16, 0, 0, 0, 2, 0, 0, 2]",left,64
60,452,"[2, 4, 2, 4, 64, 32, 0, 0, 16, 0, 2, 0, 4, 0, 0, 0]",left,64
61,456,"[2, 4, 4, 4, 64, 32, 0, 0, 16, 0, 0, 0, 4, 2, 0, 0]",up,64
62,464,"[2, 8, 4, 0, 64, 32, 0, 0, 16, 2, 0, 0, 4, 2, 0, 0]",left,64
63,468,"[2, 8, 4, 0, 64, 32, 0, 0, 16, 4, 0, 0, 4, 2, 0, 0]",up,64
64,468,"[0, 2, 8, 4, 0, 0, 64, 32, 0, 0, 16, 4, 2, 0, 4, 2]",right,64
65,468,"[2, 0, 8, 4, 0, 0, 64, 32, 0, 0, 16, 4, 2, 2, 4, 2]",down,64
66,472,"[2, 8, 4, 2, 64, 32, 0, 0, 16, 4, 0, 0, 4, 4, 2, 0]",left,64
67,480,"[2, 8, 4, 2, 0, 2, 64, 32, 0, 0, 16, 4, 0, 0, 8, 2]",right,64
68,480,"[0, 0, 4, 2, 0, 0, 64, 32, 2, 8, 16, 4, 2, 2, 8, 2]",down,64
69,484,"[4, 2, 0, 0, 64, 32, 2, 0, 2, 8, 16, 4, 4, 8, 2, 0]",left,64
70,492,"[4, 0, 0, 2, 64, 2, 2, 0, 2, 32, 16, 0, 4, 16, 2, 4]",down,64
71,496,"[4, 2, 0, 2, 64, 4, 0, 0, 2, 32, 16, 0, 4, 16, 2, 4]",left,64
72,500,"[0, 0, 4, 4, 0, 4, 64, 4, 0, 2, 32, 16, 4, 16, 2, 4]",right,64
73,508,"[8, 0, 2, 0, 4, 64, 4, 0, 2, 32, 16, 0, 4, 16, 2, 4]",left,64
74,508,"[8, 2, 0, 0, 4, 64, 4, 0, 2, 32, 16, 2, 4, 16, 2, 4]",left,64
75,508,"[0, 0, 8, 2, 4, 4, 64, 4, 2, 32, 16, 2, 4, 16, 2, 4]",right,64
76,516,"[0, 0, 8, 2, 2, 8, 64, 4, 2, 32, 16, 2, 4, 16, 2, 4]",right,64
77,518,"[0, 2, 8, 2, 0, 8, 64, 4, 4, 32, 16, 2, 4, 16, 2, 4]",down,64
78,526,"[8, 2, 8, 2, 0, 8, 64, 4, 2, 32, 16, 2, 0, 16, 2, 4]",up,64
79,526,"[8, 2, 8, 2, 2, 8, 64, 4, 0, 32, 16, 2, 2, 16, 2, 4]",up,64
80,528,"[4, 2, 8, 2, 0, 8, 64, 4, 8, 32, 16, 2, 4, 16, 2, 4]",down,64
81,528,"[2, 2, 8, 2, 4, 8, 64, 4, 8, 32, 16, 2, 4, 16, 2, 4]",down,64
82,532,"[2, 4, 8, 2, 4, 8, 64, 4, 8, 32, 16, 2, 4, 16, 2, 4]",right,64
1,0,"[0, 0, 0, 2, 0, 0, 0, 0, 0, 0, 0, 0, 0, 2, 0, 0]",up,2
2,0,"[0, 0, 0, 2, 0, 0, 0, 0, 0, 0, 2, 0, 0, 0, 0, 2]",right,2
3,2,"[0, 0, 0, 0, 0, 0, 0, 2, 0, 0, 0, 0, 0, 0, 2, 4]",down,4
4,2,"[0, 0, 0, 0, 0, 0, 0, 0, 0, 2, 0, 2, 0, 0, 2, 4]",down,4
5,6,"[0, 0, 0, 0, 0, 0, 0, 0, 4, 0, 2, 0, 2, 4, 0, 0]",left,4
6,6,"[0, 0, 0, 0, 0, 0, 0, 0, 0, 0, 4, 2, 0, 4, 2, 4]",right,4
7,6,"[0, 0, 2, 0, 0, 0, 0, 0, 4, 2, 0, 0, 4, 2, 4, 0]",left,4
8,18,"[8, 4, 2, 0, 0, 0, 4, 0, 2, 0, 0, 0, 0, 0, 0, 0]",up,8
9,18,"[0, 0, 0, 0, 0, 2, 0, 0, 8, 0, 2, 0, 2, 4, 4, 0]",down,8
10,26,"[0, 0, 0, 0, 2, 0, 0, 2, 0, 0, 8, 2, 0, 0, 2, 8]",right,8
11,30,"[0, 2, 0, 0, 4, 0, 0, 0, 8, 2, 0, 0, 2, 8, 0, 0]",left,8
12,32,"[0, 0, 0, 0, 4, 0, 0, 2, 8, 4, 0, 0, 2, 8, 0, 0]",down,8
13,32,"[0, 0, 2, 0, 4, 2, 0, 0, 8, 4, 0, 0, 2, 8, 0, 0]",left,8
14,32,"[4, 2, 2, 0, 8, 4, 0, 0, 2, 8, 0, 2, 0, 0, 0, 0]",up,8
15,36,"[4, 4, 0, 0, 8, 4, 2, 0, 2, 8, 2, 0, 0, 0, 0, 0]",left,8
16,42,"[0, 0, 2, 0, 4, 0, 0, 0, 8, 8, 0, 0, 2, 8, 4, 0]",down,8
17,58,"[0, 0, 0, 2, 0, 0, 0, 4, 0, 0, 0, 16, 2, 2, 8, 4]",right,16
18,62,"[0, 2, 0, 2, 0, 0, 0, 4, 0, 0, 0, 16, 0, 4, 8, 4]",right,16
19,66,"[4, 0, 0, 0, 4, 0, 0, 0, 16, 0, 0, 2, 4, 8, 4, 0]",left,16
20,70,"[0, 2, 0, 0, 8, 0, 0, 0, 16, 0, 0, 0, 4, 8, 4, 2]",down,16
21,70,"[2, 0, 0, 0, 8, 0, 0, 2, 16, 0, 0, 0, 4, 8, 4, 2]",left,16
22,72,"[2, 0, 0, 0, 8, 0, 0, 0, 16, 4, 0, 0, 4, 8, 4, 4]",down,16
23,80,"[2, 0, 0, 0, 8, 0, 0, 0, 16, 4, 0, 2, 4, 8, 8, 0]",left,16
24,96,"[0, 0, 0, 2, 0, 2, 0, 8, 0, 16, 4, 2, 0, 0, 4, 16]",right,16
25,100,"[0, 0, 0, 2, 2, 0, 0, 8, 0, 2, 0, 2, 0, 16, 8, 16]",down,16
26,104,"[2, 0, 0, 2, 0, 0, 2, 8, 0, 0, 0, 4, 0, 16, 8, 16]",right,16
27,108,"[0, 2, 0, 4, 0, 0, 2, 8, 0, 0, 0, 4, 0, 16, 8, 16]",right,16
28,108,"[4, 0, 0, 4, 0, 0, 0, 8, 0, 2, 2, 4, 0, 16, 8, 16]",down,16
29,120,"[8, 0, 0, 0, 8, 0, 0, 2, 4, 4, 0, 0, 16, 8, 16, 0]",left,16
30,128,"[0, 2, 0, 0, 16, 0, 0, 0, 4, 4, 0, 0, 16, 8, 16, 2]",down,16
31,136,"[2, 0, 0, 0, 16, 0, 0, 0, 8, 0, 0, 2, 16, 8, 16, 2]",left,16
32,140,"[2, 8, 16, 4, 16, 0, 0, 0, 8, 2, 0, 0, 16, 0, 0, 0]",up,16
33,140,"[2, 8, 16, 4, 16, 2, 0, 0, 8, 0, 0, 0, 16, 0, 0, 4]",up,16
34,144,"[2, 0, 0, 0, 16, 0, 0, 2, 8, 8, 0, 0, 16, 2, 16, 8]",down,16
35,160,"[0, 0, 0, 2, 4, 0, 16, 2, 0, 0, 0, 16, 16, 2, 16, 8]",right,16
36,178,"[2, 0, 0, 0, 0, 0, 0, 4, 4, 0, 0, 16, 16, 2, 32, 8]",down,32
37,178,"[2, 2, 32, 4, 4, 0, 0, 16, 16, 2, 0, 8, 0, 0, 0, 0]",up,32
38,182,"[2, 4, 32, 4, 4, 0, 0, 16, 16, 0, 0, 8, 0, 2, 0, 0]",up,32
39,182,"[2, 4, 32, 4, 4, 16, 0, 0, 16, 8, 0, 0, 2, 0, 0, 2]",left,32
40,186,"[2, 4, 32, 4, 4, 16, 0, 0, 16, 8, 0, 0, 4, 2, 0, 0]",left,32
41,186,"[2, 4, 0, 0, 4, 16, 2, 0, 16, 8, 0, 0, 4, 2, 32, 4]",down,32
42,186,"[2, 4, 0, 0, 4, 16, 2, 0, 16, 8, 2, 0, 4, 2, 32, 4]",down,32
43,188,"[2, 4, 0, 4, 4, 16, 0, 0, 16, 8, 4, 0, 4, 2, 32, 4]",down,32
44,192,"[2, 4, 0, 0, 4, 16, 0, 0, 16, 8, 4, 2, 4, 2, 32, 8]",down,32
45,192,"[0, 2, 2, 4, 0, 0, 4, 16, 16, 8, 4, 2, 4, 2, 32, 8]",right,32
46,196,"[4, 4, 0, 0, 4, 16, 2, 0, 16, 8, 4, 2, 4, 2, 32, 8]",left,32
47,200,"[0, 4, 0, 2, 8, 16, 2, 0, 16, 8, 4, 2, 4, 2, 32, 8]",down,32
48,204,"[8, 4, 2, 4, 16, 16, 4, 8, 4, 8, 32, 0, 0, 2, 0, 2]",up,32
49,240,"[8, 4, 2, 4, 2, 32, 4, 8, 0, 4, 8, 32, 0, 0, 0, 4]",right,32
50,240,"[0, 0, 0, 4, 2, 4, 2, 8, 8, 32, 4, 32, 2, 4, 8, 4]",down,32
51,240,"[4, 0, 0, 2, 2, 4, 2, 8, 8, 32, 4, 32, 2, 4, 8, 4]",left,32
52,240,"[4, 4, 2, 2, 2, 32, 4, 8, 8, 4, 8, 32, 2, 2, 0, 4]",up,32
53,256,"[0, 0, 8, 4, 2, 32, 4, 8, 8, 4, 8, 32, 2, 0, 4, 4]",right,32
54,264,"[8, 4, 0, 0, 2, 32, 4, 8, 8, 4, 8, 32, 2, 8, 0, 2]",left,32
55,264,"[0, 0, 8, 4, 2, 32, 4, 8, 8, 4, 8, 32, 4, 2, 8, 2]",right,32
56,272,"[0, 4, 0, 4, 2, 32, 8, 8, 8, 4, 4, 32, 4, 2, 16, 2]",down,32
57,304,"[0, 0, 2, 8, 0, 2, 32, 16, 0, 8, 8, 32, 4, 2, 16, 2]",right,32
58,320,"[2, 8, 0, 0, 2, 32, 16, 0, 16, 32, 2, 0, 4, 2, 16, 2]",left,32
59,354,"[0, 0, 0, 0, 4, 8, 16, 2, 16, 64, 2, 0, 4, 2, 16, 2]",down,64
60,358,"[4, 8, 16, 4, 16, 64, 2, 0, 4, 2, 16, 0, 0, 0, 2, 0]",up,64
61,358,"[4, 8, 16, 4, 16, 64, 2, 0, 4, 2, 16, 0, 2, 2, 0, 0]",left,64
62,360,"[4, 0, 0, 0, 16, 8, 16, 0, 4, 64, 2, 2, 2, 4, 16, 4]",down,64
63,364,"[4, 0, 0, 2, 16, 8, 16, 0, 4, 64, 4, 0, 2, 4, 16, 4]",left,64
64,364,"[4, 2, 2, 0, 16, 8, 16, 0, 4, 64, 4, 0, 2, 4, 16, 4]",left,64
65,368,"[0, 2, 4, 4, 0, 16, 8, 16, 0, 4, 64, 4, 2, 4, 16, 4]",right,64
66,384,"[2, 2, 4, 4, 0, 16, 8, 16, 2, 8, 64, 8, 0, 0, 16, 0]",up,64
67,396,"[2, 0, 4, 8, 0, 16, 8, 16, 2, 8, 64, 8, 0, 0, 0, 16]",right,64
68,400,"[4, 16, 4, 8, 0, 8, 8, 16, 0, 0, 64, 8, 2, 0, 0, 16]",up,64
69,416,"[4, 16, 4, 8, 2, 0, 16, 16, 0, 0, 64, 8, 0, 0, 2, 16]",right,64
70,448,"[4, 16, 4, 8, 0, 0, 2, 32, 0, 0, 64, 8, 2, 0, 2, 16]",right,64
71,452,"[4, 16, 4, 8, 2, 32, 0, 0, 64, 8, 4, 0, 4, 16, 0, 0]",left,64
72,456,"[4, 16, 2, 0, 2, 32, 0, 0, 64, 8, 0, 0, 4, 16, 8, 8]",down,64
73,472,"[4, 4, 16, 2, 0, 0, 2, 32, 0, 0, 64, 8, 0, 4, 16, 16]",right,64
74,512,"[0, 8, 16, 2, 0, 2, 2, 32, 0, 0, 64, 8, 0, 0, 4, 32]",right,64
75,516,"[0, 8, 16, 2, 0, 0, 4, 32, 2, 0, 64, 8, 0, 0, 4, 32]",right,64
76,516,"[2, 8, 16, 2, 0, 0, 4, 32, 0, 0, 64, 8, 4, 0, 4, 32]",up,64
77,524,"[2, 8, 16, 2, 4, 32, 0, 0, 64, 8, 0, 0, 8, 32, 2, 0]",left,64
78,524,"[2, 8, 16, 2, 4, 32, 2, 0, 64, 8, 2, 0, 8, 32, 0, 0]",up,64
79,528,"[2, 8, 16, 2, 4, 32, 4, 0, 64, 8, 0, 0, 8, 32, 0, 2]",up,64
80,530,"[2, 8, 0, 2, 4, 32, 0, 0, 64, 8, 16, 0, 8, 32, 4, 4]",down,64
81,538,"[2, 8, 2, 0, 4, 32, 0, 0, 64, 8, 16, 0, 8, 32, 8, 2]",left,64
82,538,"[2, 8, 2, 2, 4, 32, 16, 0, 64, 8, 8, 0, 8, 32, 2, 0]",up,64
83,558,"[2, 8, 4, 2, 4, 32, 16, 0, 64, 16, 0, 0, 8, 32, 2, 0]",left,64
84,558,"[2, 8, 4, 2, 0, 4, 32, 16, 0, 2, 64, 16, 0, 8, 32, 2]",right,64
85,574,"[2, 8, 4, 0, 0, 4, 32, 2, 0, 2, 64, 32, 2, 8, 32, 2]",down,64
86,578,"[4, 8, 4, 2, 4, 4, 32, 32, 0, 2, 64, 2, 0, 8, 32, 0]",up,64
87,650,"[4, 8, 4, 2, 0, 0, 8, 64, 2, 2, 64, 2, 0, 0, 8, 32]",right,64
88,654,"[4, 8, 4, 2, 0, 0, 8, 64, 0, 4, 64, 2, 2, 0, 8, 32]",right,64
89,654,"[4, 8, 4, 2, 2, 4, 8, 64, 0, 2, 64, 2, 0, 0, 8, 32]",up,64
90,654,"[4, 8, 4, 2, 2, 4, 8, 64, 2, 64, 2, 2, 8, 32, 0, 0]",left,64
91,658,"[4, 8, 4, 2, 2, 4, 8, 64, 2, 64, 4, 0, 8, 32, 2, 0]",left,64
92,662,"[4, 8, 4, 2, 4, 4, 8, 64, 8, 64, 4, 0, 0, 32, 2, 2]",up,64
93,674,"[4, 8, 4, 2, 0, 8, 8, 64, 0, 8, 64, 4, 2, 0, 32, 4]",right,64
94,698,"[4, 16, 4, 2, 2, 8, 8, 64, 2, 0, 64, 8, 0, 0, 32, 0]",up,64
95,714,"[4, 16, 4, 2, 2, 2, 16, 64, 0, 2, 64, 8, 0, 0, 0, 32]",right,64
96,718,"[4, 16, 4, 2, 0, 4, 16, 64, 0, 2, 64, 8, 2, 0, 0, 32]",right,64
97,718,"[0, 0, 0, 2, 2, 16, 4, 64, 4, 4, 16, 8, 2, 2, 64, 32]",down,64
98,730,"[2, 0, 0, 2, 2, 16, 4, 64, 0, 8, 16, 8, 0, 4, 64, 32]",right,64
99,734,"[0, 0, 0, 4, 2, 16, 4, 64, 0, 8, 16, 8, 4, 4, 64, 32]",right,64
100,742,"[2, 0, 0, 4, 2, 16, 4, 64, 0, 8, 16, 8, 0, 8, 64, 32]",right,64
101,762,"[4, 16, 4, 4, 2, 16, 16, 64, 0, 0, 64, 8, 0, 0, 0, 32]",up,64
102,802,"[4, 16, 8, 0, 2, 32, 64, 2, 64, 8, 0, 0, 32, 0, 0, 0]",left,64
103,802,"[2, 4, 16, 8, 2, 32, 64, 2, 0, 0, 64, 8, 0, 0, 0, 32]",right,64
104,868,"[0, 0, 0, 8, 2, 0, 0, 2, 0, 4, 16, 8, 4, 32, 128, 32]",down,128
105,872,"[8, 2, 0, 0, 4, 0, 0, 0, 4, 16, 8, 0, 4, 32, 128, 32]",left,128
106,876,"[0, 2, 0, 0, 8, 2, 0, 0, 4, 16, 8, 0, 8, 32, 128, 32]",down,128
107,878,"[0, 0, 2, 0, 8, 4, 0, 0, 4, 16, 8, 0, 8, 32, 128, 32]",down,128
108,878,"[0, 0, 0, 2, 0, 2, 8, 4, 0, 4, 16, 8, 8, 32, 128, 32]",right,128
109,878,"[8, 2, 8, 2, 0, 4, 16, 4, 2, 32, 128, 8, 0, 0, 0, 32]",up,128
110,878,"[0, 0, 0, 2, 4, 2, 8, 4, 8, 4, 16, 8, 2, 32, 128, 32]",down,128
111,878,"[4, 2, 8, 2, 8, 4, 16, 4, 2, 32, 128, 8, 0, 0, 2, 32]",up,128
112,878,"[0, 2, 8, 2, 4, 2, 16, 4, 8, 4, 128, 8, 2, 32, 2, 32]",down,128
113,880,"[2, 0, 8, 2, 4, 4, 16, 4, 8, 4, 128, 8, 2, 32, 2, 32]",down,128
114,884,"[2, 0, 8, 2, 4, 2, 16, 4, 8, 8, 128, 8, 2, 32, 2, 32]",down,128
115,900,"[2, 8, 2, 2, 4, 2, 16, 4, 16, 128, 8, 0, 2, 32, 2, 32]",left,128
116,904,"[0, 2, 8, 4, 4, 2, 16, 4, 4, 16, 128, 8, 2, 32, 2, 32]",right,128
117,914,"[0, 0, 8, 0, 2, 4, 16, 8, 8, 16, 128, 8, 2, 32, 2, 32]",down,128
118,930,"[2, 4, 8, 16, 8, 16, 16, 32, 2, 32, 128, 0, 0, 0, 2, 2]",up,128
119,966,"[2, 4, 8, 16, 8, 32, 32, 2, 2, 32, 128, 0, 4, 0, 0, 0]",left,128
120,1030,"[2, 4, 8, 16, 0, 8, 64, 2, 0, 2, 32, 128, 0, 2, 0, 4]",right,128
121,1034,"[2, 4, 8, 16, 0, 8, 64, 2, 0, 4, 32, 128, 0, 2, 0, 4]",up,128
122,1034,"[0, 4, 0, 16, 2, 8, 8, 2, 0, 4, 64, 128, 2, 2, 32, 4]",down,128
123,1054,"[2, 0, 4, 16, 0, 2, 16, 2, 0, 4, 64, 128, 0, 4, 32, 4]",right,128
124,1058,"[0, 2, 4, 16, 0, 0, 16, 2, 0, 2, 64, 128, 2, 8, 32, 4]",down,128
125,1060,"[2, 0, 4, 16, 0, 0, 16, 2, 0, 4, 64, 128, 2, 8, 32, 4]",down,128
126,1064,"[4, 4, 4, 16, 0, 8, 16, 2, 0, 0, 64, 128, 0, 2, 32, 4]",up,128
127,1072,"[8, 4, 16, 0, 8, 16, 2, 0, 64, 128, 0, 2, 2, 32, 4, 0]",left,128
128,1080,"[2, 4, 0, 0, 16, 16, 16, 0, 64, 128, 2, 0, 2, 32, 4, 2]",down,128
129,1112,"[2, 4, 0, 0, 32, 16, 0, 4, 64, 128, 2, 0, 2, 32, 4, 2]",left,128
130,1112,"[2, 4, 2, 4, 32, 16, 4, 2, 64, 128, 0, 0, 2, 32, 0, 2]",up,128
131,1114,"[2, 4, 0, 2, 32, 16, 0, 0, 64, 128, 2, 4, 2, 32, 4, 4]",down,128
132,1122,"[2, 4, 2, 2, 32, 16, 4, 8, 64, 128, 0, 0, 2, 32, 2, 0]",up,128
133,1126,"[2, 4, 4, 0, 32, 16, 4, 8, 64, 128, 2, 0, 2, 32, 2, 0]",left,128
134,1132,"[2, 4, 0, 2, 32, 16, 0, 0, 64, 128, 8, 0, 2, 32, 4, 8]",down,128
135,1132,"[2, 4, 0, 0, 32, 16, 2, 0, 64, 128, 8, 2, 2, 32, 4, 8]",down,128
136,1132,"[2, 0, 2, 4, 0, 32, 16, 2, 64, 128, 8, 2, 2, 32, 4, 8]",right,128
137,1136,"[4, 4, 2, 0, 32, 16, 2, 0, 64, 128, 8, 2, 2, 32, 4, 8]",left,128
138,1144,"[8, 2, 0, 0, 32, 16, 2, 2, 64, 128, 8, 2, 2, 32, 4, 8]",left,128
139,1146,"[8, 2, 4, 0, 32, 16, 2, 0, 64, 128, 8, 4, 2, 32, 4, 8]",down,128
140,1146,"[8, 2, 4, 4, 32, 16, 2, 8, 64, 128, 8, 0, 2, 32, 4, 2]",up,128
141,1154,"[0, 8, 2, 8, 32, 16, 2, 8, 2, 64, 128, 8, 2, 32, 4, 2]",right,128
142,1166,"[0, 8, 4, 0, 0, 16, 4, 8, 32, 64, 128, 16, 4, 32, 4, 2]",down,128
143,1170,"[0, 8, 0, 2, 0, 16, 8, 8, 32, 64, 128, 16, 4, 32, 4, 2]",down,128
144,1186,"[4, 0, 8, 2, 0, 0, 16, 16, 32, 64, 128, 16, 4, 32, 4, 2]",right,128
145,1202,"[0, 0, 8, 2, 4, 0, 16, 2, 32, 64, 128, 32, 4, 32, 4, 2]",down,128
146,1204,"[0, 0, 8, 2, 4, 0, 16, 4, 32, 64, 128, 32, 4, 32, 4, 2]",down,128
147,1204,"[4, 64, 8, 2, 32, 32, 16, 4, 4, 0, 128, 32, 2, 0, 4, 2]",up,128
148,1268,"[4, 64, 8, 2, 64, 16, 4, 0, 4, 128, 32, 0, 2, 4, 2, 4]",left,128
149,1268,"[4, 64, 8, 0, 64, 16, 4, 2, 4, 128, 32, 2, 2, 4, 2, 4]",down,128
150,1270,"[4, 64, 8, 2, 64, 16, 4, 0, 4, 128, 32, 4, 2, 4, 2, 4]",down,128
151,1274,"[4, 64, 8, 0, 64, 16, 4, 2, 4, 128, 32, 2, 2, 4, 2, 8]",down,128
152,1278,"[4, 64, 8, 4, 64, 16, 4, 8, 4, 128, 32, 2, 2, 4, 2, 0]",up,128
153,1278,"[4, 64, 8, 4, 64, 16, 4, 8, 4, 128, 32, 2, 2, 2, 4, 2]",right,128
154,1282,"[4, 64, 8, 4, 64, 16, 4, 8, 4, 128, 32, 2, 2, 4, 4, 2]",right,128
155,1290,"[4, 64, 8, 4, 64, 16, 4, 8, 4, 128, 32, 2, 2, 8, 2, 2]",left,128
156,1294,"[4, 64, 8, 4, 64, 16, 4, 8, 4, 128, 32, 4, 2, 8, 2, 2]",up,128
157,1298,"[4, 64, 8, 4, 64, 16, 4, 8, 4, 128, 32, 4, 2, 8, 4, 2]",left,128
